0	42
0	111
0	56
0	32
0	4
0	41
0	16
0	30
0	0
0	14
0	82
0	55
0	94
0	36
0	15
0	79
0	64
0	107
0	130
0	5
0	38
0	126
0	65
0	26
0	117
0	9
0	67
0	54
0	37
0	45
0	29
0	12
0	62
0	93
0	125
0	100
0	114
0	1
0	77
0	46
0	84
0	52
0	48
0	63
0	73
0	60
0	39
0	40
0	17
0	69
0	74
0	81
0	50
0	131
0	88
1	59
1	45
1	114
1	4
1	12
1	32
1	20
1	0
1	55
1	75
1	125
1	129
1	29
1	62
1	39
1	18
1	65
2	94
2	39
2	74
2	129
2	50
2	100
2	15
2	55
2	11
2	16
2	32
2	56
2	0
2	130
2	38
2	18
2	126
2	6
2	9
2	64
2	67
2	37
2	12
2	62
2	59
3	78
3	121
3	12
3	17
3	62
3	93
3	19
3	45
3	86
3	30
3	74
3	0
4	0
4	82
4	120
4	100
4	74
4	39
4	5
4	38
4	16
4	126
4	15
4	32
4	62
4	64
4	106
4	65
4	57
4	114
4	59
4	6
4	95
4	10
4	61
4	128
4	12
5	100
5	74
5	121
5	77
5	39
5	129
5	81
5	25
5	80
5	6
5	9
5	67
5	114
5	37
5	12
5	62
5	10
5	7
5	99
5	93
5	61
5	130
5	75
5	64
5	30
5	111
5	32
5	0
5	15
5	3
5	112
5	19
6	12
6	62
6	9
6	93
6	5
6	38
6	126
6	85
6	49
6	112
6	99
6	46
6	77
6	39
6	119
6	6
6	67
6	114
6	37
6	45
6	74
6	19
6	86
6	61
6	75
6	64
6	111
6	10
6	56
6	16
6	0
6	94
6	15
6	13
6	116
6	32
6	29
7	14
7	16
7	71
7	52
7	48
7	121
7	1
7	73
7	60
7	113
7	47
7	0
7	35
7	32
7	57
7	111
7	93
7	62
7	12
7	59
7	37
7	9
7	117
7	126
7	38
7	5
7	128
7	13
7	94
8	117
8	9
8	114
8	0
9	78
9	93
9	61
9	64
9	32
9	4
9	0
9	17
9	74
9	39
9	12
9	18
10	82
10	0
10	41
10	38
10	111
10	30
10	117
10	4
10	5
10	59
10	12
10	95
10	73
10	18
11	10
11	62
11	7
11	93
11	61
11	64
11	75
11	37
11	59
11	30
11	114
11	67
11	9
11	6
11	26
11	65
11	126
11	12
11	16
11	0
11	35
11	96
11	25
11	99
11	121
11	78
11	95
11	39
11	74
11	129
11	100
11	13
11	15
11	55
11	82
11	102
11	38
11	5
12	25
12	42
12	69
12	101
12	122
12	49
12	125
12	18
12	70
12	38
12	65
12	117
12	114
12	37
12	100
12	12
12	10
12	130
12	64
12	30
12	4
12	41
12	0
12	36
12	62
13	62
13	10
13	50
13	82
13	6
13	67
13	114
13	54
13	37
13	45
13	59
13	1
13	51
13	29
13	35
13	48
13	55
13	94
13	36
13	13
13	95
13	124
13	125
13	12
13	66
13	71
13	74
13	117
13	65
13	126
13	128
13	93
13	61
13	130
13	107
13	64
13	30
13	56
13	57
13	32
13	43
13	4
13	77
13	16
13	14
13	42
13	79
13	113
13	60
13	101
13	0
13	40
14	126
14	16
14	0
14	94
14	60
14	61
14	65
15	25
15	15
15	6
15	59
15	12
15	130
15	0
15	57
16	5
16	64
16	75
16	19
16	10
16	62
16	29
16	65
16	45
16	37
16	67
16	6
16	26
16	38
16	80
16	126
16	12
16	114
16	116
16	94
16	50
16	15
16	55
16	111
16	57
16	120
16	91
16	74
16	40
16	39
16	0
16	82
16	46
16	121
16	31
16	81
16	20
16	11
16	103
16	16
17	0
17	100
17	125
17	4
17	74
17	64
17	75
17	10
17	62
17	12
17	126
17	18
17	129
17	20
17	111
17	6
18	95
18	77
18	65
18	61
18	64
18	0
18	94
18	15
18	86
18	130
18	125
18	12
18	59
18	37
18	38
18	9
18	129
18	75
19	0
19	64
20	55
20	0
20	26
21	0
21	93
21	10
21	62
21	12
21	59
21	37
21	114
21	6
21	32
21	64
21	100
21	129
21	86
21	15
22	10
22	9
22	59
22	12
22	62
22	116
22	0
22	4
22	32
22	111
23	0
23	82
23	111
23	64
23	75
24	100
24	64
24	61
24	93
24	62
24	12
24	37
24	54
24	4
24	50
24	16
24	0
24	87
24	49
24	74
24	13
24	32
24	91
24	57
24	10
25	0
25	16
25	53
25	57
25	61
25	64
25	45
25	37
25	12
26	37
26	64
26	10
26	62
26	5
26	38
26	6
26	59
26	32
26	0
26	94
26	40
26	127
26	66
26	16
27	65
27	59
27	12
27	62
27	64
27	111
27	32
27	0
27	82
27	94
27	93
27	60
27	95
28	79
28	20
28	70
28	34
28	44
28	3
28	69
28	96
28	112
28	113
28	81
28	60
28	73
28	1
28	31
28	121
28	71
28	17
28	129
28	74
28	8
28	39
28	77
28	40
28	88
28	25
28	57
28	62
28	30
28	65
28	126
28	38
28	5
28	18
28	108
28	85
28	118
28	11
28	50
28	6
28	9
28	67
28	114
28	37
28	45
28	59
28	29
28	12
28	7
28	93
28	19
28	21
28	130
28	64
28	111
28	97
28	52
28	76
28	0
28	53
28	124
28	4
28	43
28	32
28	16
28	36
28	94
28	13
28	55
28	82
28	102
28	14
28	100
28	41
29	116
29	37
29	6
29	38
29	18
29	119
29	74
29	62
29	12
29	93
29	17
29	100
29	0
29	32
29	57
29	64
29	78
30	29
30	75
30	64
30	126
30	6
30	37
30	45
30	62
30	10
30	93
30	32
30	0
30	74
30	118
30	121
30	86
31	88
31	38
31	119
31	59
31	62
31	7
31	93
31	86
31	0
31	32
31	64
31	74
31	75
31	118
31	127
31	25
31	37
31	130
31	91
31	129
31	78
31	30
31	114
31	100
31	15
32	9
32	96
32	49
32	87
32	15
32	94
32	55
32	82
32	44
32	70
32	103
32	102
32	0
32	16
32	32
32	57
32	111
32	30
32	64
32	75
32	130
32	61
32	86
32	19
32	93
32	112
32	25
32	31
32	119
32	67
32	114
32	78
32	37
32	45
32	59
32	12
32	10
32	121
32	7
32	48
32	46
32	6
32	40
32	39
32	74
32	116
32	129
32	17
32	50
32	100
32	125
32	13
32	126
32	38
32	5
32	77
32	62
32	85
33	32
33	0
33	100
33	129
33	74
33	39
33	25
33	118
33	4
33	18
33	64
33	93
33	62
33	12
33	59
33	114
33	6
33	65
33	38
33	126
34	62
34	64
34	75
34	29
34	59
34	55
34	0
34	82
34	111
34	74
34	40
34	65
34	4
35	44
35	37
35	62
35	61
35	130
35	111
35	57
35	16
35	0
35	94
35	120
35	40
35	38
35	65
36	67
36	111
36	55
36	82
36	60
36	0
36	16
36	4
36	94
36	64
36	93
36	62
36	12
36	29
36	59
36	114
36	15
36	128
36	40
36	95
36	121
36	126
37	101
37	127
37	95
37	126
37	65
37	26
37	59
37	12
37	62
37	75
37	74
37	116
37	128
37	82
37	0
37	111
37	30
37	64
38	75
38	59
38	45
38	100
38	64
38	32
38	12
38	62
38	129
38	0
38	18
38	116
38	74
38	25
38	38
38	65
38	6
38	37
39	39
39	40
39	95
39	121
39	104
39	70
39	20
39	126
39	6
39	26
39	65
39	74
39	80
39	38
39	5
39	9
39	125
39	15
39	50
39	94
39	55
39	82
39	102
39	0
39	16
39	4
39	57
39	111
39	30
39	64
39	75
39	130
39	61
39	93
39	10
39	62
39	12
39	29
39	45
39	37
39	114
39	67
39	120
39	116
39	11
40	82
40	5
40	38
40	80
40	126
40	65
40	26
40	6
40	9
40	114
40	37
40	45
40	59
40	29
40	128
40	12
40	94
40	55
40	102
40	0
40	16
40	4
40	32
40	19
40	61
40	130
40	64
40	111
40	56
40	10
40	57
40	15
40	100
40	120
40	74
40	39
40	40
40	49
40	66
40	13
41	38
41	126
41	65
41	26
41	37
41	114
41	5
41	29
41	12
41	6
41	119
41	57
41	64
41	30
41	32
41	16
41	0
41	55
41	15
41	74
41	39
41	95
41	31
41	112
41	11
41	130
41	62
42	82
42	125
42	32
42	16
42	0
42	101
42	64
42	74
42	39
42	29
42	59
42	6
42	65
42	126
42	38
42	100
42	12
42	62
43	37
43	114
43	6
43	65
43	126
43	106
43	130
43	12
43	29
43	40
43	59
43	125
43	62
43	94
43	0
43	82
44	0
45	15
45	121
45	38
45	126
45	0
45	64
45	114
46	0
46	55
46	62
46	12
46	6
46	26
46	65
46	126
46	38
47	54
47	67
47	6
47	114
47	37
47	12
47	18
47	29
47	5
47	45
47	119
47	59
47	81
47	10
47	15
47	125
47	100
47	129
47	116
47	74
47	94
47	65
47	126
47	88
47	48
47	78
47	121
47	96
47	39
47	62
47	55
47	0
47	7
47	93
47	19
47	86
47	61
47	130
47	82
47	75
47	56
47	57
47	25
47	4
47	53
47	16
47	64
47	26
48	59
48	32
48	6
48	18
48	64
48	111
48	95
48	82
48	0
48	4
48	62
49	16
49	30
49	13
49	74
49	39
49	46
49	130
49	0
49	62
49	45
49	37
49	6
49	126
49	38
49	5
49	64
49	94
50	75
50	38
50	25
50	20
50	126
50	46
50	39
50	74
50	129
50	91
50	100
50	125
50	94
50	55
50	82
50	0
50	11
50	65
50	64
50	45
50	114
50	59
50	37
50	7
50	130
50	9
50	12
50	62
50	29
50	16
50	32
50	57
50	111
50	30
50	26
50	6
51	82
51	94
51	100
51	99
51	120
51	116
51	39
51	0
51	60
51	34
51	65
51	16
51	10
51	64
51	38
51	80
51	126
51	106
51	114
51	57
51	29
51	37
51	12
51	61
52	0
52	9
52	18
52	82
52	100
52	32
52	62
53	126
53	12
53	62
53	0
53	93
53	65
53	26
53	59
53	29
53	118
53	11
53	66
53	112
53	60
53	121
53	95
53	10
53	74
53	94
53	40
53	75
53	64
53	82
53	16
53	55
53	111
53	30
54	4
54	65
54	126
54	0
54	82
54	74
54	6
54	59
54	12
54	10
54	64
54	30
54	32
54	37
54	114
55	39
55	0
55	30
55	32
55	16
55	38
55	94
55	50
55	64
55	91
55	12
55	104
55	37
55	6
55	65
55	126
55	74
55	62
56	67
56	6
56	129
56	25
56	49
56	15
56	0
56	100
56	62
56	37
56	12
56	64
56	114
57	32
57	117
57	6
57	9
57	54
57	62
57	130
57	64
57	35
57	94
57	13
57	39
57	52
57	51
57	127
57	60
57	113
57	131
57	49
57	0
58	46
58	74
58	118
58	125
58	59
58	82
58	26
58	65
58	126
58	18
58	128
58	12
58	62
58	55
58	75
58	64
58	111
58	57
58	4
58	16
58	0
58	10
59	5
59	126
59	65
59	26
59	114
59	37
59	29
59	15
59	62
59	39
59	74
59	119
59	55
59	82
59	35
59	19
59	130
59	30
59	56
59	57
59	0
59	16
59	12
59	4
59	32
60	64
60	13
60	125
60	100
60	50
60	129
60	74
60	39
60	77
60	88
60	46
60	121
60	101
60	25
60	81
60	112
60	49
60	70
60	11
60	118
60	30
60	0
60	15
60	130
60	32
60	18
60	38
60	106
60	65
60	6
60	114
60	37
60	75
60	59
60	45
60	12
60	62
60	7
60	93
60	19
60	61
60	29
61	103
61	11
61	121
61	74
61	40
61	95
61	39
61	93
61	38
61	120
61	50
61	94
61	55
61	82
61	16
61	57
61	30
61	64
61	130
61	61
61	0
61	12
61	10
61	126
61	65
61	26
61	6
61	37
61	114
61	59
61	29
61	45
62	16
62	111
62	0
62	15
62	127
62	4
62	32
62	57
62	30
62	114
62	12
62	29
62	37
62	9
62	6
62	126
62	65
62	26
62	64
62	106
63	78
63	30
63	50
63	100
63	76
63	125
63	124
63	13
63	15
63	36
63	71
63	94
63	35
63	0
63	16
63	53
63	4
63	32
63	57
63	56
63	102
63	17
63	74
63	39
63	47
63	44
63	87
63	49
63	131
63	112
63	113
63	122
63	60
63	73
63	127
63	99
63	1
63	121
63	48
63	52
63	84
63	46
63	40
63	111
63	89
63	64
63	130
63	107
63	5
63	38
63	126
63	33
63	117
63	6
63	9
63	67
63	114
63	119
63	37
63	54
63	61
63	21
63	19
63	93
63	85
63	62
63	12
63	59
63	10
63	45
64	65
64	37
64	62
64	130
64	6
64	4
64	0
64	74
64	39
64	32
64	64
65	65
65	37
65	29
65	62
65	64
65	30
65	32
65	4
65	0
66	101
66	17
66	0
66	29
66	117
67	117
67	0
68	42
68	55
68	82
68	4
68	93
68	67
68	0
68	26
68	18
68	117
69	128
69	32
69	0
69	124
69	48
69	117
69	62
69	130
69	57
70	64
70	30
70	93
70	10
70	0
70	4
70	37
70	127
70	18
70	82
70	15
70	69
70	77
70	62
70	117
70	12
71	0
71	4
71	10
71	12
71	65
71	18
71	128
71	55
72	100
72	69
72	71
72	116
72	74
72	39
72	101
72	95
72	5
72	1
72	48
72	12
72	40
72	38
72	128
72	124
72	93
72	16
72	21
72	64
72	111
72	56
72	29
72	125
72	59
72	37
72	43
72	32
72	65
72	117
72	67
72	10
72	114
72	62
72	0
72	13
72	94
72	55
72	82
72	35
72	14
72	54
72	131
72	112
72	113
72	60
73	117
73	26
73	0
74	48
74	38
74	0
74	94
75	32
75	38
75	9
75	37
75	12
75	62
75	16
75	0
75	35
75	82
75	117
75	67
75	128
75	13
75	76
75	100
75	120
75	52
75	131
75	87
75	66
75	54
76	88
76	74
76	71
76	77
76	101
76	48
76	69
76	25
76	122
76	81
76	113
76	131
76	87
76	70
76	79
76	42
76	95
76	100
76	41
76	36
76	119
76	18
76	5
76	38
76	126
76	65
76	117
76	67
76	114
76	45
76	12
76	62
76	93
76	21
76	61
76	130
76	107
76	111
76	56
76	32
76	43
76	0
76	35
76	82
76	55
76	125
76	19
76	60
77	43
77	14
77	102
77	55
77	94
77	36
77	124
77	100
77	69
77	0
77	17
77	74
77	88
77	48
77	121
77	101
77	25
77	122
77	70
77	79
77	119
77	18
77	63
77	126
77	93
77	21
77	130
77	107
77	64
77	30
77	111
77	38
77	12
77	29
77	59
77	45
77	37
77	54
77	114
77	67
77	6
77	117
77	26
77	62
78	95
78	82
78	67
78	0
78	30
78	93
78	10
78	62
78	59
78	100
78	117
79	14
79	0
79	41
79	35
79	43
79	32
79	57
79	4
79	55
79	116
79	36
79	13
79	124
79	125
79	100
79	50
79	71
79	17
79	56
79	94
79	30
79	117
79	107
79	74
79	119
79	18
79	38
79	126
79	65
79	6
79	67
79	114
79	54
79	37
79	45
79	59
79	29
79	12
79	62
79	10
79	93
79	130
79	64
79	39
79	69
79	40
79	70
79	49
79	122
79	42
79	118
79	60
79	73
79	25
79	101
79	63
79	121
79	79
79	47
79	88
79	95
79	48
79	77
80	74
80	71
80	117
80	62
80	93
80	21
80	26
80	111
80	77
80	42
80	125
80	130
80	32
80	55
80	82
80	0
80	69
81	107
81	30
81	42
81	32
81	62
81	10
81	93
81	100
81	69
81	48
81	0
81	67
81	114
81	33
81	117
81	17
81	37
82	125
82	104
82	121
82	84
82	39
82	74
82	129
82	124
82	13
82	15
82	46
82	1
82	76
82	100
82	50
82	18
82	5
82	38
82	80
82	126
82	65
82	26
82	127
82	25
82	101
82	36
82	41
82	102
82	71
82	45
82	73
82	60
82	112
82	96
82	87
82	70
82	79
82	11
82	89
82	55
82	85
82	108
82	17
82	12
82	14
82	0
82	16
82	6
82	9
82	114
82	37
82	59
82	57
82	64
82	130
82	43
82	7
82	61
83	100
83	0
83	130
83	12
83	59
83	65
83	38
83	18
84	38
84	117
84	48
84	37
84	45
84	62
84	32
84	47
84	0
84	100
84	17
84	49
84	113
84	9
84	46
85	117
85	0
85	71
85	101
86	102
86	126
86	5
86	38
86	31
86	65
86	6
86	9
86	37
86	59
86	34
86	29
86	62
86	61
86	130
86	64
86	30
86	111
86	127
86	112
86	12
86	78
86	11
86	77
86	57
86	16
86	0
86	94
86	50
86	95
86	39
87	12
87	111
87	0
87	38
88	4
88	111
88	6
88	26
88	65
88	0
88	55
89	0
89	111
89	37
89	26
89	65
89	6
90	65
90	12
90	29
90	61
90	0
90	39
90	57
90	37
90	6
91	64
91	16
91	37
91	65
91	6
91	29
91	0
92	6
92	26
92	18
92	126
92	38
92	9
92	65
92	114
92	64
92	12
92	118
92	70
92	34
92	81
92	121
92	88
92	59
92	77
92	39
92	100
92	50
92	15
92	82
92	0
92	4
92	30
92	7
92	62
92	74
93	26
93	6
93	12
93	62
93	19
93	32
93	17
93	0
93	4
94	117
94	67
94	114
94	54
94	37
94	45
94	12
94	62
94	30
94	111
94	32
94	38
94	0
94	36
94	125
94	71
94	91
94	74
94	95
94	48
94	25
94	122
94	112
94	42
94	94
94	119
94	69
95	121
95	130
95	30
95	56
95	32
95	0
95	14
95	36
95	100
95	17
95	122
95	34
95	79
95	61
95	114
95	117
95	119
95	37
95	62
96	89
96	47
96	49
96	113
96	60
96	82
96	0
96	57
96	93
96	12
96	54
96	117
96	52
96	71
96	61
96	77
97	30
97	85
97	94
97	36
97	15
97	13
97	69
97	74
97	55
97	39
97	95
97	48
97	121
97	63
97	60
97	113
97	77
97	35
97	0
97	16
97	64
97	107
97	130
97	61
97	21
97	29
97	37
97	54
97	6
97	117
97	65
97	38
97	5
97	56
97	4
97	44
97	111
97	32
97	42
98	46
98	127
98	66
98	15
98	94
98	82
98	0
98	16
98	97
98	126
98	57
98	6
98	12
98	59
99	30
99	4
99	94
99	12
99	62
99	19
99	61
99	0
99	82
99	64
99	57
99	130
99	125
99	59
99	95
99	121
99	44
99	116
99	50
99	16
99	128
99	46
99	18
99	38
99	126
99	65
99	26
99	6
99	9
99	114
99	5
99	39
100	81
100	44
100	85
100	18
100	62
100	126
100	5
100	0
100	94
100	100
100	50
100	74
100	39
100	46
100	16
100	127
100	4
100	32
100	57
100	64
100	130
100	61
100	12
100	59
100	6
100	53
101	62
101	6
101	9
101	114
101	93
101	50
101	130
101	64
101	0
101	15
101	74
101	39
101	77
101	5
101	46
101	78
101	104
101	49
101	61
101	116
102	74
102	15
102	59
102	12
102	82
102	0
102	111
103	95
103	125
103	100
103	11
103	18
103	126
103	65
103	26
103	6
103	9
103	114
103	37
103	45
103	15
103	121
103	59
103	62
103	39
103	74
103	129
103	25
103	12
103	55
103	20
103	32
103	57
103	30
103	64
103	75
103	130
103	0
103	29
104	66
104	100
104	94
104	82
104	4
104	18
104	6
104	59
104	12
104	30
104	57
104	0
105	6
105	121
105	78
105	77
105	74
105	17
105	20
105	94
105	15
105	114
105	12
105	62
105	93
105	9
105	19
105	0
105	30
105	38
105	130
105	64
106	12
106	62
106	59
106	4
106	0
106	95
106	126
106	38
106	18
106	111
107	16
107	4
107	100
107	44
107	81
107	40
107	77
107	39
107	74
107	120
107	50
107	10
107	13
107	15
107	94
107	82
107	102
107	0
107	126
107	65
107	6
107	9
107	67
107	114
107	37
107	29
107	12
107	11
107	66
107	62
107	32
107	57
107	111
107	64
107	130
107	18
107	30
107	38
107	5
108	5
108	106
108	54
108	37
108	4
108	16
108	0
108	94
108	91
108	104
108	62
109	61
109	64
109	9
109	57
109	16
109	0
109	94
109	31
109	11
109	5
109	38
109	65
109	12
109	37
109	45
110	32
110	78
110	46
110	38
110	6
110	62
110	61
110	94
110	0
111	31
111	100
111	25
111	81
111	88
111	96
111	49
111	34
111	78
111	20
111	77
111	39
111	74
111	129
111	50
111	97
111	11
111	112
111	126
111	38
111	94
111	82
111	0
111	16
111	4
111	32
111	57
111	30
111	64
111	130
111	93
111	18
111	7
111	12
111	29
111	59
111	45
111	37
111	114
111	67
111	108
111	6
111	65
111	13
111	62
111	15
112	10
112	18
112	82
112	94
112	13
112	100
112	50
112	120
112	116
112	74
112	0
112	39
112	46
112	95
112	121
112	60
112	81
112	34
112	66
112	128
112	77
112	4
112	40
112	57
112	5
112	32
112	38
112	126
112	65
112	67
112	114
112	37
112	29
112	6
112	62
112	93
112	19
112	86
112	130
112	75
112	12
112	64
112	30
113	102
113	50
113	97
113	100
113	125
113	55
113	94
113	82
113	129
113	13
113	74
113	81
113	77
113	88
113	78
113	121
113	31
113	104
113	25
113	96
113	44
113	20
113	0
113	39
113	16
113	65
113	32
113	11
113	18
113	5
113	38
113	126
113	6
113	9
113	67
113	114
113	37
113	45
113	59
113	29
113	12
113	62
113	7
113	93
113	19
113	61
113	130
113	64
113	30
113	57
113	4
113	108
113	15
114	30
114	4
114	0
114	82
114	94
114	13
114	100
114	50
114	91
114	129
114	74
114	39
114	77
114	78
114	121
114	104
114	118
114	64
114	130
114	86
114	18
114	38
114	65
114	6
114	9
114	114
114	25
114	37
114	29
114	12
114	62
114	10
114	7
114	93
114	19
114	45
114	112
115	37
115	6
115	126
115	5
115	65
115	119
115	16
115	102
115	0
115	129
115	64
115	61
115	7
115	12
115	59
115	74
115	125
115	121
115	118
115	45
115	44
115	100
116	18
116	38
116	126
116	65
116	6
116	67
116	114
116	0
116	73
116	60
116	113
116	96
116	2
116	44
116	34
116	70
116	20
116	118
116	108
116	37
116	16
116	45
116	29
116	4
116	116
116	129
116	91
116	71
116	69
116	41
116	100
116	13
116	36
116	94
116	55
116	82
116	102
116	14
116	39
116	59
116	77
116	121
116	12
116	62
116	7
116	93
116	21
116	130
116	107
116	64
116	30
116	57
116	32
116	127
116	104
116	31
116	43
116	88
116	74
116	50
117	100
117	65
117	6
117	9
117	67
117	37
117	45
117	59
117	93
117	61
117	130
117	62
117	12
117	64
117	5
117	7
117	32
117	126
117	34
117	57
117	96
117	39
117	129
117	49
117	38
117	125
117	15
117	0
117	16
117	97
118	100
118	112
118	25
118	46
118	88
118	39
118	74
118	129
118	50
118	15
118	31
118	0
118	5
118	38
118	126
118	65
118	6
118	9
118	37
118	59
118	29
118	114
118	62
118	12
118	30
118	64
118	130
118	4
118	93
118	7
118	86
118	94
119	19
119	78
119	34
119	18
119	106
119	114
119	37
119	12
119	62
119	130
119	64
119	0
119	100
119	17
119	129
119	39
119	75
119	77
120	94
120	55
120	82
120	102
120	0
120	16
120	13
120	4
120	62
120	64
120	130
120	12
120	59
120	37
120	54
120	9
120	6
120	65
120	57
120	100
120	126
120	91
120	116
120	74
120	39
120	127
120	112
120	18
120	120
120	5
121	45
121	12
121	7
121	61
121	130
121	0
121	125
121	102
121	16
121	57
121	64
121	100
121	37
121	126
121	6
121	80
121	5
121	18
121	97
121	129
121	39
121	114
121	46
121	31
121	104
121	99
121	60
121	112
121	96
121	121
122	78
122	46
122	45
122	129
122	26
122	65
122	126
122	38
122	39
122	59
122	37
122	12
122	5
122	130
122	75
122	64
122	57
122	16
122	0
122	100
122	7
122	6
123	91
123	94
123	0
123	16
123	4
123	62
123	5
124	15
124	121
124	40
124	39
124	100
124	125
124	94
124	82
124	102
124	0
124	16
124	53
124	4
124	57
124	56
124	31
124	30
124	61
124	10
124	12
124	59
124	45
124	37
124	114
124	9
124	6
124	65
124	126
124	5
124	18
124	64
124	66
124	29
125	59
125	88
125	77
125	39
125	74
125	129
125	50
125	125
125	13
125	15
125	94
125	82
125	0
125	16
125	57
125	30
125	64
125	75
125	130
125	19
125	121
125	31
125	100
125	25
125	45
125	101
125	114
125	9
125	6
125	26
125	65
125	126
125	38
125	5
125	37
125	29
125	18
125	81
125	112
125	11
125	93
125	7
125	12
125	62
126	18
126	6
126	67
126	37
126	59
126	12
126	62
126	19
126	8
126	116
126	50
126	130
126	64
126	30
126	0
126	82
126	78
126	17
127	12
127	18
127	32
127	111
127	30
127	64
127	75
127	93
127	62
127	29
127	59
127	37
127	114
127	6
127	26
127	65
127	126
127	5
127	128
127	16
127	0
127	61
127	82
127	94
127	15
127	102
127	100
127	97
127	116
127	74
127	39
127	40
127	13
127	121
127	31
127	104
127	60
127	11
127	118
127	103
127	46
128	59
128	45
128	37
128	114
128	67
128	6
128	38
128	106
128	126
128	5
128	18
128	102
128	29
128	65
128	12
128	82
128	10
128	108
128	11
128	70
128	87
128	121
128	95
128	74
128	116
128	120
128	100
128	13
128	15
128	62
128	94
128	57
128	130
128	55
128	35
128	0
128	16
128	4
128	32
128	75
128	111
128	30
128	64
129	64
129	46
129	0
130	0
130	6
130	65
130	38
131	59
131	126
131	65
131	6
131	37
131	100
131	15
131	94
131	82
131	0
131	18
131	16
131	5
131	4
131	32
131	57
131	30
131	64
131	130
131	61
131	10
131	62
131	12
131	53
132	126
132	18
132	5
132	38
132	65
132	16
132	37
132	0
132	82
132	94
132	15
132	100
132	66
132	81
132	31
132	121
132	32
132	57
132	4
132	39
132	64
132	50
132	120
132	74
132	61
132	19
132	93
132	62
132	12
132	59
132	30
132	114
133	59
133	29
133	100
133	120
133	50
133	125
133	13
133	94
133	55
133	82
133	102
133	129
133	0
133	12
133	62
133	7
133	130
133	64
133	111
133	57
133	4
133	16
133	39
133	74
133	40
133	45
133	37
133	54
133	114
133	67
133	6
133	65
133	126
133	38
133	77
133	18
133	66
133	34
133	3
133	25
133	31
133	121
133	78
133	88
133	118
134	29
134	9
134	59
134	37
134	6
134	126
134	65
134	5
134	18
134	12
134	26
134	10
134	16
134	64
134	61
134	108
134	66
134	70
134	99
134	40
134	39
134	74
134	97
134	121
134	94
134	82
134	0
134	4
134	57
134	13
134	30
135	16
135	18
135	61
135	130
135	64
135	57
135	111
135	4
135	0
135	5
135	30
135	38
135	6
135	62
135	12
135	29
135	59
135	37
135	114
135	9
135	26
135	65
135	106
135	82
135	126
135	55
135	93
135	15
135	10
135	103
135	94
135	11
135	49
135	96
135	60
135	118
135	121
135	40
135	39
135	74
135	116
135	120
135	100
135	104
136	48
136	95
136	14
136	0
136	37
136	62
136	45
136	114
136	117
136	61
136	101
137	10
137	39
137	116
137	17
137	71
137	69
137	50
137	97
137	100
137	76
137	94
137	82
137	14
137	74
137	0
137	4
137	57
137	56
137	30
137	64
137	107
137	130
137	21
137	19
137	93
137	7
137	62
137	77
137	13
137	52
137	18
137	38
137	88
137	106
137	117
137	114
137	54
137	45
137	59
137	29
137	12
137	89
137	126
137	70
137	118
137	48
137	63
137	25
137	73
137	104
137	122
137	113
137	44
137	60
138	48
138	32
138	101
138	69
138	55
138	102
138	14
138	0
138	4
138	56
138	26
138	107
138	62
138	12
138	117
138	106
138	126
138	38
138	119
138	118
138	64
139	126
139	119
139	65
139	74
139	6
139	114
139	37
139	45
139	12
139	62
139	93
139	86
139	75
139	64
139	4
139	18
139	0
139	100
139	129
139	121
139	25
139	26
139	81
139	118
140	38
140	129
140	100
140	74
140	15
140	94
140	0
140	4
140	118
140	30
140	64
140	126
140	86
140	93
140	7
140	10
140	62
140	12
140	29
140	37
140	6
140	127
140	65
140	19
140	18
140	39
141	130
141	126
141	65
141	6
141	114
141	37
141	45
141	59
141	29
141	12
141	62
141	10
141	7
141	93
141	19
141	86
141	64
141	118
141	11
141	39
141	30
141	57
141	4
141	0
141	94
141	15
141	100
141	50
141	129
141	74
141	38
141	18
141	31
142	29
142	62
142	118
142	39
142	74
142	129
142	59
142	100
142	12
142	0
142	10
142	57
142	30
142	64
142	130
142	86
142	19
142	4
142	93
142	7
142	18
142	45
142	37
142	114
142	6
142	65
142	126
142	38
143	18
143	38
143	126
143	62
143	6
143	9
143	114
143	37
143	45
143	59
143	25
143	19
143	93
143	29
143	12
143	10
143	118
143	130
143	94
143	0
143	4
143	57
143	30
143	15
143	86
143	129
143	74
143	64
143	39
143	75
143	100
144	18
144	6
144	59
144	4
144	62
144	75
144	30
144	57
144	32
144	12
144	0
144	100
144	129
144	74
144	39
144	25
144	20
144	94
145	38
145	126
145	106
145	65
145	6
145	67
145	37
145	12
145	75
145	64
145	57
145	0
145	100
145	129
145	39
145	59
145	114
146	25
146	121
146	74
146	100
146	18
146	15
146	55
146	0
146	129
146	64
146	75
146	86
146	4
146	62
146	12
146	59
146	45
146	114
146	65
146	7
147	130
147	61
147	86
147	19
147	93
147	62
147	12
147	6
147	45
147	37
147	114
147	9
147	64
147	26
147	65
147	29
147	57
147	125
147	53
147	108
147	103
147	70
147	112
147	127
147	121
147	78
147	4
147	95
147	74
147	17
147	15
147	94
147	55
147	0
147	16
147	39
147	126
148	55
148	114
148	21
148	93
148	62
148	12
148	59
148	37
148	38
148	126
148	106
148	107
148	32
148	4
148	0
148	64
148	35
148	42
148	60
148	127
148	14
148	48
148	88
148	63
148	116
148	71
148	100
148	124
148	82
148	39
148	117
149	93
149	113
149	60
149	52
149	82
149	0
149	16
149	117
150	130
150	57
150	32
150	16
150	0
150	82
150	94
150	11
150	40
150	39
150	74
150	50
150	13
150	97
150	100
150	75
150	111
150	64
150	30
150	114
150	62
150	12
150	59
150	37
150	128
150	67
150	10
150	9
150	65
150	106
150	126
150	38
150	5
150	18
150	6
150	93
151	65
151	80
151	126
151	59
151	62
151	12
151	40
151	39
151	74
151	29
151	100
151	0
151	10
151	111
151	32
151	4
151	82
152	106
152	42
152	113
152	60
152	121
152	48
152	77
152	39
152	17
152	15
152	36
152	55
152	32
152	111
152	30
152	21
152	93
152	62
152	37
152	67
152	117
152	13
152	0
153	95
153	38
153	39
153	129
153	100
153	94
153	0
153	16
153	4
153	57
153	64
153	130
153	61
153	7
153	10
153	62
153	12
153	45
153	37
153	114
153	6
153	65
153	118
153	106
153	126
153	18
153	120
154	128
154	20
154	11
154	23
154	28
154	12
154	93
154	61
154	16
154	0
154	8
154	13
154	97
154	17
154	117
154	5
154	84
154	110
154	1
154	127
154	76
154	89
154	58
154	131
155	119
155	82
155	55
155	91
155	17
155	88
155	83
155	31
155	101
155	14
155	131
155	108
155	4
155	7
155	62
155	12
155	37
155	117
155	26
155	105
155	28
155	0
156	100
156	14
156	0
156	111
156	114
156	17
157	98
157	83
157	0
157	47
157	79
157	23
157	2
157	122
157	90
157	101
157	109
157	56
157	74
157	129
157	17
157	71
157	22
157	76
157	36
157	55
157	43
157	30
157	28
157	110
157	114
157	62
157	117
157	38
157	21
157	61
157	67
157	64
157	75
157	9
158	26
158	0
159	41
159	0
159	14
159	55
159	130
159	21
159	71
159	74
159	84
159	44
159	64
159	111
159	5
159	114
159	62
160	0
160	14
160	41
160	30
160	130
160	21
160	93
160	62
160	77
160	55
160	38
160	101
160	114
160	71
160	88
161	38
161	18
161	65
161	114
161	62
161	93
161	36
161	88
161	0
161	4
161	57
161	118
161	64
161	119
161	21
161	74
161	101
161	113
161	71
161	50
161	100
161	35
161	70
161	30
162	14
162	52
162	0
162	117
162	84
162	128
162	85
162	1
163	100
163	50
163	69
163	74
163	77
163	73
163	70
163	0
163	79
163	20
163	107
163	124
163	62
163	59
163	26
163	38
163	14
163	55
163	30
163	36
164	59
164	101
164	55
164	0
165	70
165	20
165	73
165	101
165	46
165	51
165	0
165	111
165	107
165	114
165	36
165	124
165	76
165	67
165	1
165	69
165	71
165	40
165	95
165	14
165	55
166	117
166	32
166	0
167	79
167	51
167	118
167	26
167	114
167	62
167	93
167	21
167	107
167	64
167	30
167	1
167	4
167	0
167	14
167	35
167	102
167	36
167	124
167	76
167	69
167	71
167	74
167	41
167	113
167	60
167	52
167	20
167	70
167	128
167	119
167	5
167	38
167	65
167	77
167	88
167	44
167	87
168	4
168	126
168	0
168	55
168	28
168	91
168	121
168	58
168	125
168	101
168	5
168	7
168	31
168	20
168	23
168	57
168	107
168	61
168	21
168	131
168	93
168	6
168	117
168	72
168	129
168	17
168	114
168	10
168	110
168	26
169	83
169	110
169	101
169	22
169	17
169	88
169	108
169	104
169	3
169	36
169	125
169	64
169	86
169	93
169	7
169	10
169	62
169	12
169	6
169	117
169	2
169	114
169	94
169	0
169	53
169	30
170	117
170	12
170	0
170	88
170	5
170	24
170	17
171	17
171	12
171	117
171	119
171	0
172	96
172	127
172	118
172	121
172	18
172	126
172	65
172	6
172	67
172	114
172	37
172	25
172	29
172	12
172	93
172	86
172	45
172	64
172	130
172	39
172	74
172	129
172	50
172	77
172	94
172	55
172	102
172	0
172	56
172	13
172	62
173	117
173	6
173	93
173	0
173	68
173	88
173	83
173	31
174	6
174	9
174	82
174	117
174	0
174	14
174	24
174	13
174	124
174	68
174	125
174	71
174	123
174	39
174	46
174	84
174	80
174	52
174	5
174	109
174	27
174	103
174	58
174	28
174	115
174	87
174	72
174	131
174	122
174	110
174	31
174	51
174	1
174	60
174	111
174	119
174	128
174	114
174	54
174	12
174	93
174	61
174	57
174	53
174	16
175	3
175	2
175	12
175	115
175	28
175	62
175	92
175	48
175	93
175	114
175	38
175	19
175	21
175	0
175	72
175	68
175	22
175	71
175	129
175	39
175	77
175	46
175	100
175	45
175	127
176	36
176	38
176	56
176	64
176	107
176	61
176	93
176	117
176	7
176	12
176	29
176	59
176	37
176	9
176	67
176	62
176	114
176	17
176	76
176	39
176	48
176	1
176	101
176	25
176	127
176	15
176	122
176	113
176	112
176	42
176	118
176	71
176	100
176	6
176	54
177	5
177	55
177	62
177	29
177	59
177	37
177	54
177	102
177	114
177	67
177	9
177	117
177	65
177	126
177	10
177	12
177	93
177	1
177	56
177	30
177	94
177	125
177	84
177	95
177	107
177	14
177	101
177	118
177	64
178	69
178	12
178	93
178	1
178	17
178	62
178	117
178	59
178	119
178	55
178	41
178	57
178	64
178	107
178	29
178	121
178	73
178	38
178	126
178	74
178	6
178	114
178	122
179	100
179	124
179	102
179	54
179	37
179	29
179	62
179	93
179	107
179	111
179	56
179	57
179	41
179	16
179	15
179	39
179	69
179	48
179	1
179	73
179	114
179	117
179	5
179	126
179	95
180	67
180	1
180	48
180	52
180	71
180	82
180	117
180	32
180	21
180	10
180	12
180	29
180	37
180	94
180	65
180	100
180	38
180	18
180	73
180	106
181	84
181	49
181	1
181	101
181	100
181	111
181	64
181	93
181	114
181	5
181	113
181	71
182	96
182	101
182	122
182	90
182	73
182	1
182	31
182	121
182	113
182	92
182	2
182	3
182	23
182	70
182	20
182	8
182	47
182	28
182	118
182	27
182	110
182	131
182	51
182	82
182	95
182	19
182	93
182	7
182	62
182	12
182	29
182	114
182	67
182	6
182	117
182	26
182	65
182	126
182	38
182	5
182	105
182	18
182	119
182	48
182	86
182	21
182	9
182	91
182	107
182	71
182	22
182	100
182	74
182	40
182	76
182	17
182	68
182	125
182	55
182	41
182	98
182	32
182	56
182	30
182	75
182	83
182	15
182	129
183	17
183	36
183	41
183	107
183	1
183	114
183	119
183	74
183	62
184	38
184	114
184	93
184	21
184	130
184	30
184	57
184	55
184	36
184	100
184	17
184	51
184	1
184	101
184	41
184	77
184	113
184	87
184	5
184	119
184	127
184	8
185	2
185	101
185	93
185	12
185	32
185	71
185	17
185	110
185	1
185	76
185	117
185	119
185	23
186	72
186	110
186	121
186	1
186	94
186	55
186	82
186	14
186	41
186	15
186	39
186	98
186	125
186	76
186	22
186	120
186	71
186	123
186	17
186	129
186	68
186	32
186	83
186	56
186	57
186	88
186	108
186	27
186	103
186	58
186	28
186	47
186	70
186	2
186	3
186	115
186	122
186	127
186	11
186	105
186	75
186	119
186	107
186	130
186	61
186	10
186	93
186	59
186	114
186	67
186	6
186	117
186	12
187	51
187	60
187	110
187	1
187	101
187	90
187	27
187	3
187	70
187	20
187	47
187	103
187	108
187	48
187	115
187	52
187	124
187	17
187	95
187	117
187	12
187	10
187	93
187	61
187	75
187	7
187	32
187	14
187	55
187	94
187	125
187	71
187	123
187	57
187	5
188	32
188	13
188	15
188	36
188	94
188	35
188	14
188	5
188	61
188	93
188	12
188	114
188	9
188	117
188	38
188	119
188	64
188	124
188	2
188	68
188	84
188	71
188	97
188	83
188	109
188	72
188	110
188	31
188	1
188	90
188	122
188	115
188	44
188	100
188	123
188	129
188	28
188	89
188	27
188	47
189	62
189	93
189	69
189	48
189	109
189	104
189	1
189	127
189	90
189	20
189	58
189	73
189	114
189	5
189	117
190	6
190	27
190	89
190	47
190	2
190	115
190	117
190	1
190	77
190	129
190	123
190	92
190	12
190	71
190	62
190	21
190	61
190	75
190	30
190	14
190	36
190	24
190	125
190	22
191	108
191	1
191	31
191	14
191	93
191	5
191	117
191	12
192	5
192	6
192	1
192	31
192	102
193	67
193	12
193	10
193	93
193	61
193	111
193	32
193	71
193	72
193	1
193	23
194	30
194	107
194	61
194	21
194	93
194	62
194	12
194	37
194	114
194	67
194	26
194	105
194	64
194	57
194	75
194	36
194	83
194	95
194	52
194	109
194	72
194	1
194	127
194	122
194	92
194	131
194	115
194	32
194	27
194	47
194	20
194	84
194	77
194	87
194	13
194	68
194	125
194	22
194	71
194	123
194	129
194	39
195	12
195	1
196	68
196	115
196	28
196	103
196	129
196	123
196	83
196	1
196	102
196	57
196	61
196	93
196	12
196	114
196	71
197	52
197	95
197	83
197	76
197	110
197	101
197	17
197	57
197	24
197	55
197	16
197	98
197	73
197	12
197	114
197	9
197	117
197	33
197	13
197	90
197	20
197	2
197	113
197	58
197	27
198	96
198	113
198	90
198	60
198	110
198	72
198	129
198	17
198	76
198	68
198	15
198	94
198	98
198	86
198	12
198	59
198	37
198	9
198	117
198	126
198	5
198	2
198	20
198	115
198	28
198	66
198	108
199	82
199	55
199	68
199	76
199	22
199	2
199	37
199	114
199	110
199	72
199	51
199	98
199	48
199	131
199	59
199	19
199	61
199	130
199	107
199	83
199	111
199	74
199	129
199	31
199	101
199	96
199	92
199	17
199	12
199	14
199	117
199	105
200	122
200	26
200	117
200	67
200	114
200	127
200	75
200	98
200	68
200	17
200	129
200	103
200	58
200	47
200	39
200	12
200	76
200	83
200	109
200	110
200	121
200	104
200	2
200	92
200	101
201	36
201	125
201	76
201	71
201	88
201	98
201	72
201	109
201	51
201	83
201	17
201	57
201	58
201	86
201	93
201	117
201	33
201	119
201	110
201	122
201	113
201	49
201	3
201	2
201	75
201	12
202	110
202	93
202	104
202	114
202	83
202	12
202	62
202	61
202	64
202	30
202	57
202	32
202	98
202	14
202	94
202	36
202	68
202	125
202	76
202	40
202	129
202	17
202	123
202	101
202	71
202	127
202	113
202	105
202	38
202	122
202	26
202	117
202	67
202	58
202	65
202	11
202	47
202	2
202	3
202	92
202	28
202	22
203	67
203	23
203	2
203	3
203	110
203	22
203	76
203	93
203	12
203	117
204	67
204	119
204	117
204	114
204	12
204	93
204	14
204	71
204	98
204	110
204	92
204	115
204	2
204	47
204	118
204	108
204	123
205	74
205	125
205	71
205	123
205	129
205	83
205	110
205	104
205	90
205	2
205	23
205	67
205	98
205	119
205	114
205	117
205	12
205	75
205	111
205	19
205	10
206	6
206	9
206	12
206	64
206	32
206	110
206	90
206	2
206	117
207	117
207	2
208	12
208	117
208	2
208	7
209	2
209	83
209	28
209	117
210	7
210	12
210	91
210	119
210	67
210	75
210	93
210	55
210	36
210	77
210	2
210	58
210	64
211	114
211	12
211	123
211	115
211	22
211	27
211	93
211	24
211	2
212	2
212	7
212	6
212	12
213	12
213	93
213	68
213	67
213	71
213	2
213	114
214	125
214	22
214	123
214	113
214	49
214	2
214	28
214	32
214	64
214	130
214	93
214	12
214	105
215	67
215	12
215	57
215	71
215	123
215	113
215	115
215	2
215	27
215	28
216	83
216	67
216	115
216	2
216	44
216	28
216	105
216	129
216	109
216	91
216	68
216	36
216	82
216	32
216	64
216	93
216	12
216	71
216	99
217	125
217	68
217	93
217	111
217	64
217	61
217	12
217	105
217	32
217	71
217	92
217	39
217	113
217	115
217	27
217	2
217	28
217	103
217	129
218	2
218	22
218	93
218	12
218	67
218	68
219	12
219	68
219	2
220	2
220	83
220	91
220	10
220	12
221	27
221	93
221	2
221	125
222	12
222	83
222	115
222	2
223	3
223	115
223	67
223	109
223	95
223	129
223	71
223	93
223	61
223	68
223	2
223	47
223	122
223	125
223	12
223	114
224	12
224	93
224	64
224	68
224	2
225	49
225	18
225	117
225	67
225	114
225	12
225	7
225	93
225	32
225	17
225	74
225	77
225	101
225	24
225	47
225	3
225	28
225	127
225	91
226	3
227	91
227	12
227	125
227	129
227	115
227	3
228	93
228	62
228	12
228	122
228	25
228	114
228	4
228	117
228	67
229	95
229	55
229	82
229	4
229	75
229	62
229	111
229	101
229	106
230	39
230	6
230	74
230	116
230	100
230	95
230	16
230	18
230	5
230	126
230	9
230	59
230	114
230	37
230	82
230	29
230	12
230	62
230	10
230	4
230	32
230	64
230	75
230	130
230	61
230	67
230	15
231	117
231	77
231	93
231	64
231	111
231	4
231	62
231	125
232	4
232	32
232	111
232	64
232	62
232	29
232	37
232	67
232	117
232	130
232	82
232	69
233	64
233	104
233	116
233	94
233	82
233	4
233	32
233	57
233	10
233	59
234	129
234	100
234	4
234	74
234	127
235	4
236	82
236	18
236	126
236	62
236	75
236	4
237	18
237	12
237	4
238	118
238	74
238	37
238	6
238	94
238	4
238	57
238	30
238	64
238	19
238	93
238	29
238	45
238	38
238	126
238	116
239	106
239	65
239	37
239	94
239	39
239	16
239	4
239	111
239	64
239	60
239	11
239	130
239	128
240	38
240	61
240	80
240	6
240	37
240	45
240	59
240	12
240	62
240	10
240	128
240	130
240	16
240	32
240	4
240	82
240	94
240	13
240	46
240	57
241	126
241	26
241	62
241	4
241	111
241	82
241	10
242	82
242	39
242	127
242	4
242	59
242	75
242	12
242	6
242	26
242	18
242	111
243	29
243	12
243	64
243	75
243	130
243	61
243	129
243	100
243	74
243	39
243	8
243	49
243	15
243	59
243	9
243	114
243	6
243	65
243	126
243	18
243	119
243	30
243	56
243	57
243	32
243	4
243	55
243	94
243	62
243	37
243	7
243	88
243	25
244	127
244	74
244	82
244	16
244	4
244	111
244	62
244	10
244	59
244	6
244	65
244	18
244	64
244	32
245	74
245	4
245	82
245	111
246	4
246	39
246	57
246	6
246	26
246	65
247	64
247	4
248	65
248	6
248	12
248	64
248	4
248	55
248	74
249	37
249	125
249	59
249	6
249	12
249	26
249	62
249	126
249	55
249	74
249	40
249	95
249	82
249	16
249	4
249	18
249	57
249	111
249	64
249	75
249	93
249	10
249	94
249	128
249	65
250	4
250	93
250	12
251	65
251	26
251	10
251	111
251	4
251	82
251	74
252	17
252	78
252	4
252	111
252	59
252	12
252	62
252	32
252	6
253	75
253	4
254	4
254	12
254	65
255	18
255	126
255	65
255	64
255	10
255	6
255	100
255	4
255	129
255	82
256	26
256	4
256	12
257	32
257	111
257	95
257	64
257	38
257	75
257	4
257	10
257	62
257	12
257	59
257	26
257	6
257	82
258	64
258	111
258	16
258	11
258	8
258	95
258	4
258	40
258	74
258	125
258	94
258	60
258	65
258	126
258	75
258	38
258	26
258	6
258	67
258	37
258	45
258	29
258	12
258	130
258	61
258	10
258	62
259	6
259	80
259	67
259	62
259	26
259	38
259	7
259	130
259	75
259	65
259	20
259	12
259	25
259	39
259	29
259	59
259	45
259	37
259	74
259	116
259	129
259	100
259	125
259	16
259	4
259	32
259	64
259	18
259	126
260	12
260	29
260	57
260	37
260	9
260	6
260	26
260	65
260	106
260	126
260	64
260	16
260	32
260	4
260	15
261	25
261	119
261	60
261	67
261	73
261	101
261	54
261	88
261	114
261	6
261	37
261	45
261	48
261	117
261	38
261	65
261	122
261	113
261	126
261	59
261	5
261	18
261	131
261	70
261	79
261	42
261	118
261	26
261	29
261	55
261	62
261	56
261	57
261	43
261	4
261	41
261	12
261	64
261	14
261	94
261	36
261	125
261	50
261	69
261	71
261	35
261	107
261	30
261	21
261	93
261	10
261	74
261	39
261	77
261	130
262	93
262	111
262	18
262	4
262	82
262	125
262	117
262	71
262	127
262	55
263	100
263	91
263	131
263	48
263	13
263	17
263	94
263	5
263	4
263	56
263	21
263	62
263	117
263	16
264	26
264	117
264	67
264	59
264	29
264	12
264	62
264	107
264	43
264	4
264	14
264	55
264	74
264	48
265	5
265	126
265	26
265	117
265	67
265	100
265	54
265	48
265	95
265	77
265	74
265	125
265	15
265	114
265	64
265	130
265	93
265	62
265	4
265	29
265	12
265	37
265	59
266	64
266	56
266	43
266	107
266	130
266	93
266	4
266	12
266	48
266	77
266	94
266	95
266	55
266	62
266	14
266	16
266	36
266	69
266	71
266	88
266	74
266	82
266	51
266	101
266	128
266	18
266	26
266	117
266	54
266	59
266	29
267	4
267	82
267	69
267	111
267	30
267	64
267	93
267	54
267	117
267	55
267	125
267	57
267	71
267	62
267	51
267	63
267	101
267	42
267	95
268	97
268	94
268	16
268	4
268	100
268	10
268	126
268	9
268	57
268	12
268	59
269	4
269	6
269	65
269	111
270	11
270	4
270	57
270	12
270	37
270	6
270	65
270	16
271	57
271	4
271	111
271	94
271	64
271	12
271	6
271	65
271	126
272	37
272	29
272	12
272	64
272	57
272	32
272	4
272	16
272	94
272	15
272	9
272	6
272	62
272	26
273	57
273	37
273	64
273	30
273	32
273	6
273	26
273	65
273	126
273	5
273	4
273	16
273	94
273	39
273	121
273	104
273	112
273	29
273	12
274	12
274	4
274	64
274	65
274	26
274	6
274	9
274	57
274	39
274	32
274	94
275	65
275	4
276	26
276	19
276	10
276	62
276	12
276	29
276	59
276	45
276	37
276	114
276	6
276	38
276	80
276	5
276	61
276	126
276	65
276	130
276	40
276	64
276	31
276	95
276	75
276	39
276	74
276	116
276	120
276	15
276	77
276	55
276	32
276	4
276	94
276	53
276	57
276	16
276	111
276	30
277	94
277	16
277	74
277	39
277	4
277	31
277	64
277	61
277	91
277	10
277	57
277	62
277	37
277	126
277	5
278	4
279	128
279	6
279	64
279	130
279	10
279	66
279	31
279	13
279	94
279	102
279	16
279	4
279	32
279	57
279	37
279	29
279	12
279	62
279	120
280	100
280	13
280	6
280	94
280	82
280	16
280	4
280	61
280	10
280	12
280	37
280	9
280	18
281	116
281	74
281	39
281	127
281	130
281	65
281	126
281	129
281	118
281	50
281	93
281	4
281	64
281	6
281	86
281	38
281	7
281	10
281	62
281	12
281	100
281	18
281	114
281	37
282	62
282	104
282	94
282	16
282	4
282	32
282	57
282	5
282	65
282	126
282	6
282	9
282	54
282	29
282	12
282	30
282	64
282	26
282	37
283	4
283	32
283	57
283	111
283	39
283	100
283	120
283	30
283	46
283	78
283	31
283	127
283	103
283	94
283	64
283	116
283	61
283	18
283	38
283	126
283	65
283	26
283	6
283	67
283	130
283	37
283	114
283	62
283	59
283	29
283	12
283	10
284	16
284	102
284	82
284	94
284	125
284	100
284	20
284	4
284	120
284	129
284	39
284	66
284	40
284	57
284	37
284	61
284	18
284	5
284	126
284	106
284	6
284	9
284	64
284	12
284	114
284	45
284	59
284	7
284	10
285	59
285	12
285	62
285	10
285	93
285	19
285	74
285	6
285	30
285	57
285	4
285	100
285	129
285	118
285	86
285	65
285	18
285	126
286	126
286	65
286	26
286	6
286	12
286	62
286	19
286	30
286	93
286	118
286	100
286	4
287	10
287	62
287	12
287	29
287	59
287	37
287	64
287	38
287	126
287	65
287	26
287	6
287	18
287	111
287	75
287	4
287	101
287	127
287	95
287	39
287	60
287	94
287	82
287	16
287	57
287	74
288	62
288	93
288	86
288	4
288	55
288	17
288	6
288	26
288	12
288	74
289	12
289	62
289	4
289	17
290	62
290	12
290	114
290	117
290	38
290	18
290	10
290	21
290	6
290	64
290	32
290	130
290	4
290	14
290	82
290	13
290	100
290	50
290	121
291	101
291	111
291	62
291	29
291	71
291	67
291	54
291	4
291	117
291	126
291	18
292	7
292	12
292	4
292	17
292	117
293	94
293	35
293	16
293	39
293	65
293	6
293	9
293	12
293	62
293	5
293	91
293	38
294	125
294	55
294	65
294	57
294	5
294	126
294	106
294	26
294	6
294	114
294	37
294	32
294	64
295	12
295	107
295	64
295	48
295	14
295	100
295	69
295	74
295	88
295	37
295	59
295	93
295	114
295	38
295	42
295	65
295	117
295	6
295	67
295	5
295	25
296	94
296	5
296	38
296	65
296	117
296	67
296	37
296	12
296	13
296	107
296	14
296	131
296	48
296	17
296	35
296	102
296	32
297	16
297	55
297	14
297	124
297	37
297	74
297	57
297	111
297	62
297	12
297	59
297	45
297	32
297	101
297	63
297	51
297	48
297	88
297	40
297	39
297	5
297	117
297	114
297	54
297	15
297	125
297	94
298	13
298	37
298	59
298	127
298	63
298	12
298	93
298	64
298	56
298	32
298	55
298	48
298	117
298	119
298	5
299	94
299	82
299	57
299	61
299	12
299	16
299	9
299	106
299	126
299	5
299	114
300	19
300	6
300	5
300	11
300	9
300	114
300	37
300	45
300	12
300	61
300	99
300	30
300	108
300	31
300	46
300	130
300	39
300	16
300	15
300	94
300	57
300	97
301	5
301	6
301	12
301	61
301	94
301	126
301	57
302	97
302	12
302	9
302	6
302	126
302	16
302	82
302	94
302	15
302	61
302	57
302	5
302	108
303	5
303	106
303	9
303	93
303	61
303	56
303	102
303	94
303	16
304	70
304	102
304	16
304	6
304	5
304	95
304	8
304	94
304	125
305	61
305	37
305	5
305	94
306	12
306	29
306	5
306	126
306	65
306	6
306	114
306	59
306	37
306	61
306	94
307	5
307	94
307	61
307	16
307	12
308	114
308	6
308	65
308	5
308	9
308	108
308	57
309	12
309	61
309	16
309	5
309	6
309	9
309	94
310	126
310	61
310	6
310	5
310	108
310	121
310	50
310	13
310	15
310	65
310	94
310	38
310	82
310	35
310	16
310	57
310	130
310	37
310	9
310	12
311	127
311	61
311	62
311	114
311	5
311	104
312	29
312	64
312	37
312	6
312	26
312	126
312	5
312	62
312	61
312	32
312	57
312	12
312	130
313	18
313	126
313	66
313	100
313	15
313	57
313	12
313	59
313	9
313	5
313	6
314	62
314	126
314	5
314	121
314	95
314	94
314	16
314	57
314	64
314	15
314	10
314	12
314	45
314	37
314	9
314	6
314	86
315	37
315	16
315	57
315	64
315	93
315	7
315	12
315	59
315	114
315	129
315	6
315	65
315	126
315	80
315	5
315	18
315	121
315	99
315	100
315	9
315	15
315	96
316	18
316	31
316	126
316	65
316	6
316	9
316	114
316	37
316	12
316	57
316	7
316	121
316	78
316	40
316	39
316	129
316	50
316	100
316	82
316	61
316	5
316	130
316	38
316	80
317	16
317	5
317	38
317	61
317	57
317	94
317	106
318	91
318	66
318	44
318	49
318	46
318	12
318	61
318	57
318	32
318	53
318	16
318	94
318	13
318	100
318	59
318	5
318	40
318	38
318	126
318	65
318	6
318	37
319	37
319	18
319	79
319	87
319	73
319	6
319	52
319	39
319	129
319	97
319	124
319	99
319	16
319	45
319	59
319	12
319	62
319	93
319	5
319	126
319	65
319	57
319	61
320	39
320	100
320	94
320	16
320	57
320	12
320	5
320	37
320	126
320	61
321	10
321	57
321	66
321	12
321	37
321	5
321	49
321	60
321	13
321	94
321	16
321	126
321	61
322	5
322	13
322	16
322	57
322	61
322	12
322	59
322	37
322	9
322	6
322	126
322	80
322	50
322	31
322	121
323	5
323	82
323	16
323	57
323	30
323	12
323	45
323	114
323	6
323	65
323	126
323	74
323	39
324	120
324	31
324	94
324	12
324	5
325	12
325	29
325	59
325	37
325	6
325	66
325	65
325	126
325	85
325	5
325	18
325	61
325	30
325	56
325	57
325	31
325	120
325	50
325	13
325	94
325	97
325	102
325	16
326	37
326	5
326	10
326	13
326	31
326	16
326	12
327	16
327	57
327	130
327	61
327	10
327	5
327	37
327	12
327	45
327	6
327	129
327	26
327	18
327	126
327	40
328	45
328	30
328	57
328	16
328	13
328	100
328	129
328	61
328	12
328	9
328	5
328	6
328	106
328	126
329	114
329	5
329	41
329	59
330	20
330	115
330	129
330	12
330	5
330	108
331	131
331	20
331	47
331	12
331	122
331	65
331	39
331	5
332	62
332	119
332	126
332	6
332	114
332	12
332	25
332	75
333	38
333	12
333	125
333	64
333	6
334	32
334	74
334	6
334	126
334	30
334	65
335	64
335	100
335	6
335	71
335	93
335	10
335	54
335	122
335	117
335	67
335	33
336	74
336	6
337	79
337	122
337	74
337	71
337	69
337	100
337	15
337	25
337	101
337	55
337	14
337	65
337	42
337	32
337	39
337	77
337	36
337	94
337	48
337	88
337	117
337	111
337	119
337	18
337	93
337	62
337	12
337	38
337	29
337	59
337	107
337	126
337	64
337	114
337	67
337	6
337	56
338	49
338	78
338	117
338	33
338	61
338	6
338	37
338	12
338	17
338	32
339	6
339	12
340	18
340	126
340	65
340	26
340	12
340	6
340	37
340	59
340	119
340	45
340	75
340	7
340	100
340	25
340	81
340	129
340	64
340	74
341	125
341	129
341	93
341	62
341	38
341	18
341	65
341	119
341	106
341	12
341	59
341	121
341	6
341	86
342	65
342	6
343	37
343	100
343	64
343	6
343	126
343	118
343	125
344	6
344	78
344	74
344	17
344	15
344	86
344	12
344	37
345	75
345	119
345	64
345	114
345	6
345	65
345	126
345	57
345	55
345	112
345	25
345	121
345	39
345	94
345	100
345	129
345	74
345	86
345	93
345	18
345	62
345	37
345	12
345	45
345	29
345	59
345	7
346	61
346	25
346	96
346	39
346	74
346	100
346	55
346	82
346	57
346	64
346	75
346	130
346	19
346	129
346	7
346	95
346	12
346	106
346	126
346	62
346	38
346	18
346	65
346	121
346	119
346	6
346	114
346	37
346	45
346	59
346	29
347	6
347	111
347	82
348	74
348	6
348	12
348	93
348	64
349	126
349	6
349	55
349	59
349	111
349	62
349	75
350	55
350	64
350	62
350	12
350	59
350	6
350	100
350	126
350	75
350	74
350	129
351	6
351	59
351	82
351	32
351	111
351	10
351	62
352	114
352	59
352	12
352	129
352	25
352	6
352	75
353	6
354	10
354	100
354	126
354	128
354	125
354	55
354	6
355	32
355	64
355	62
355	100
355	37
355	6
355	15
356	94
356	55
356	64
356	37
356	6
356	74
357	59
357	6
357	75
357	82
357	12
357	64
358	64
358	65
358	6
358	75
358	12
358	129
359	119
359	126
359	64
359	77
359	46
359	101
359	13
359	35
359	16
359	32
359	57
359	30
359	74
359	19
359	12
359	29
359	37
359	114
359	9
359	6
359	26
359	65
359	39
360	26
360	6
360	12
360	93
360	32
360	17
361	17
361	13
361	95
361	69
361	77
361	43
361	62
361	107
361	57
361	65
361	117
361	6
361	119
361	54
361	12
361	114
362	64
362	69
362	36
362	55
362	41
362	56
362	74
362	111
362	93
362	114
362	62
362	12
362	37
362	67
362	6
362	117
362	65
362	38
362	77
362	10
362	88
362	107
362	101
362	25
362	122
362	48
363	59
363	6
363	117
364	6
365	6
366	6
366	12
367	108
367	16
367	57
367	12
367	37
367	9
367	6
367	126
367	61
368	37
368	55
368	16
368	61
368	19
368	6
368	94
368	31
369	94
369	61
369	37
369	9
369	6
370	6
370	12
370	61
370	16
371	65
371	6
371	37
371	64
371	57
372	65
372	111
372	6
372	55
372	126
373	12
373	126
373	6
373	64
374	37
374	126
374	65
374	6
374	114
374	39
374	29
374	30
374	32
374	64
374	12
375	6
376	74
376	126
376	117
376	49
376	122
376	101
376	121
376	77
376	6
376	67
376	93
376	17
376	21
376	114
376	45
376	56
376	32
376	94
376	59
376	71
376	62
376	13
377	12
377	59
377	112
377	66
377	130
377	64
377	57
377	16
377	94
377	15
377	121
377	126
377	6
377	9
378	6
378	12
378	57
378	16
379	116
379	57
379	30
379	64
379	130
379	74
379	93
379	126
379	65
379	61
379	12
379	94
379	55
379	62
379	6
379	16
380	65
380	50
380	74
380	39
380	127
380	100
380	6
380	30
380	93
380	62
380	12
380	18
380	126
380	64
380	130
381	6
381	26
381	93
381	64
381	17
381	12
382	6
382	37
382	45
382	62
382	94
382	126
382	97
382	93
382	57
382	86
382	15
382	64
382	75
383	18
383	126
383	65
383	6
383	59
383	61
383	111
383	82
383	100
384	6
384	65
384	45
384	37
384	118
384	16
385	97
385	100
385	120
385	99
385	64
385	75
385	37
385	121
385	59
385	12
385	7
385	61
385	130
385	39
385	40
385	129
385	62
385	104
385	67
385	114
385	18
385	38
385	127
385	126
385	65
385	6
385	9
386	32
386	39
386	64
386	130
386	61
386	10
386	94
386	12
386	9
386	6
386	38
386	93
386	100
387	86
387	6
388	30
388	64
388	130
388	62
388	94
388	15
388	13
388	116
388	74
388	40
388	106
388	12
388	29
388	45
388	37
388	114
388	9
388	6
388	65
388	126
388	128
388	39
388	38
388	78
388	57
388	66
388	34
388	99
388	111
389	31
389	17
389	61
389	12
389	9
389	6
390	94
390	37
390	61
390	10
390	100
390	57
390	16
390	82
390	12
390	6
390	126
390	66
390	120
390	106
391	6
391	39
391	120
391	13
391	94
391	37
391	12
391	10
391	57
391	16
391	82
391	55
391	128
391	126
391	62
391	9
392	129
392	17
392	19
392	93
392	62
392	12
392	6
392	65
392	18
392	74
392	25
392	38
392	100
392	30
392	64
393	17
393	12
393	6
394	6
394	39
394	114
394	37
394	45
394	59
394	29
394	12
394	62
394	65
394	74
394	64
394	26
394	129
394	34
394	126
395	93
395	88
395	31
395	17
395	117
395	6
396	18
396	65
396	108
396	117
396	6
396	12
396	93
396	46
396	20
396	58
397	119
397	62
397	114
397	108
397	11
397	121
397	39
397	116
397	100
397	125
397	15
397	94
397	55
397	64
397	75
397	18
397	130
397	93
397	7
397	12
397	29
397	59
397	45
397	37
397	61
397	129
398	38
398	117
398	67
398	114
398	45
398	93
398	29
398	59
398	122
398	101
398	48
398	95
398	88
398	36
398	25
398	14
398	56
398	64
398	107
398	7
398	12
398	62
398	55
399	9
399	12
399	7
399	94
399	100
399	64
400	18
400	105
400	117
400	37
400	12
400	7
400	17
400	82
400	88
400	110
400	131
400	93
401	20
401	18
401	105
401	117
401	12
401	7
401	93
401	129
401	17
401	75
402	125
402	119
402	75
402	7
402	12
402	68
403	128
403	18
403	61
403	55
403	12
403	29
403	34
403	59
403	37
403	9
403	10
403	93
403	130
403	75
403	62
403	64
403	126
403	30
403	121
403	95
403	15
403	94
403	57
403	32
403	65
403	16
403	82
404	9
404	32
405	64
405	9
406	59
406	37
406	9
406	38
406	62
406	60
406	94
406	16
406	32
406	57
407	82
407	9
407	37
407	16
407	59
407	62
407	94
407	13
407	100
407	57
407	12
407	60
407	111
407	61
408	57
408	120
408	10
408	37
408	9
408	126
408	38
408	82
408	64
409	62
409	57
409	18
409	38
409	12
409	9
409	126
409	65
410	38
410	80
410	65
410	37
410	59
410	62
410	10
410	57
410	111
410	126
410	74
410	125
410	32
410	75
410	64
411	73
411	117
411	10
411	39
412	106
412	10
413	118
413	29
413	12
413	62
413	64
413	55
413	129
413	114
413	95
413	26
413	10
413	126
413	65
414	64
414	61
414	10
414	32
414	111
415	82
415	74
415	125
415	55
415	111
415	64
415	10
415	75
415	12
415	59
415	62
416	10
416	38
416	111
416	64
417	10
417	62
417	32
418	54
418	10
418	106
419	82
419	55
419	64
419	93
419	59
419	62
419	65
419	10
420	64
420	100
420	39
420	60
420	114
420	62
420	10
420	93
420	18
421	15
421	94
421	55
421	82
421	16
421	60
421	121
421	74
421	116
421	120
421	32
421	39
421	64
421	18
421	37
421	59
421	29
421	12
421	62
421	10
421	93
421	61
421	75
421	126
421	57
422	82
422	75
422	10
423	62
423	126
423	80
423	10
423	93
423	64
423	30
423	32
423	16
423	12
423	65
423	60
423	116
424	10
424	32
424	64
424	93
425	95
425	74
425	116
425	125
425	38
425	126
425	65
425	114
425	37
425	118
425	12
425	62
425	55
425	10
425	16
425	111
425	64
425	61
425	93
425	60
425	75
426	42
426	77
426	93
426	10
426	62
426	117
427	10
427	57
427	66
427	100
428	82
428	39
428	64
428	130
428	10
428	29
428	37
428	12
428	114
429	65
429	87
429	12
429	62
429	10
429	38
429	111
429	16
429	94
429	120
429	37
429	116
430	55
430	105
430	129
430	39
430	24
430	74
430	117
430	67
430	114
430	12
430	94
430	82
430	35
430	62
430	10
430	130
430	107
430	75
430	56
430	98
430	77
430	88
430	17
430	46
430	14
430	127
430	73
430	36
430	122
430	27
430	101
430	71
431	14
431	10
431	117
431	12
432	122
432	113
432	22
432	114
432	12
432	83
432	68
432	55
432	71
432	123
432	129
432	39
432	75
432	127
432	131
432	82
432	20
432	10
432	93
432	67
432	105
432	77
432	115
432	57
433	123
433	68
433	93
433	10
433	83
433	12
434	123
434	93
434	119
434	11
434	28
434	14
434	12
435	55
435	30
435	94
435	62
435	29
435	37
435	125
435	74
435	12
436	82
436	56
436	62
436	93
436	30
436	101
436	54
436	48
436	42
436	71
436	126
436	117
436	114
436	69
436	55
436	37
436	29
436	12
437	12
437	75
438	93
438	62
438	94
438	12
438	15
439	93
439	43
439	67
439	52
439	117
439	114
439	38
439	111
439	64
439	95
439	74
439	69
439	125
439	107
439	12
439	62
439	130
439	82
439	77
439	41
440	121
440	12
440	111
440	93
440	114
440	117
440	37
441	59
441	12
441	75
441	64
442	65
442	26
442	12
442	64
442	55
442	39
442	111
443	49
443	121
443	93
443	12
443	17
444	12
444	129
444	119
444	45
444	37
444	93
444	94
444	15
444	126
444	100
445	93
445	12
445	127
445	62
446	12
446	16
446	94
446	95
446	59
447	62
447	40
447	95
447	39
447	16
447	50
447	12
447	116
448	12
448	65
448	127
448	75
448	129
449	95
449	20
449	64
449	75
449	18
449	67
449	111
449	26
449	12
449	126
449	59
449	62
449	82
450	94
450	65
450	55
450	114
450	82
450	62
450	95
450	125
450	37
450	59
450	29
450	12
450	16
450	111
451	64
451	55
451	95
451	75
451	59
451	114
451	126
451	12
451	62
452	95
452	62
452	82
452	12
452	29
452	116
453	64
453	12
454	12
454	65
455	12
455	37
455	93
455	64
455	32
455	77
455	67
455	59
455	62
456	82
456	74
456	116
456	125
456	126
456	114
456	12
456	62
456	75
456	95
456	59
457	18
457	65
457	59
457	12
457	75
458	18
458	114
458	37
458	45
458	12
458	64
458	57
458	16
458	94
458	13
458	126
458	120
458	121
458	80
459	12
460	55
460	12
461	74
461	82
461	93
461	12
461	59
462	12
462	127
462	64
462	100
462	74
463	100
463	12
464	59
464	12
464	82
465	129
465	75
465	86
465	62
465	59
465	12
466	12
466	100
467	12
467	59
468	94
468	16
468	12
469	97
469	40
469	99
469	64
469	75
469	12
469	85
469	49
470	59
470	129
470	126
470	75
470	12
470	64
471	127
471	74
471	100
471	64
471	12
471	114
472	59
472	100
472	74
472	12
472	64
473	12
473	15
474	117
474	12
475	12
475	114
475	117
475	69
475	107
476	69
476	13
476	119
476	126
476	117
476	55
476	62
476	93
476	64
476	32
476	12
476	130
476	17
476	48
476	36
476	74
476	63
477	61
477	32
477	93
477	12
478	111
478	12
478	36
478	130
478	64
478	117
478	33
478	56
478	14
478	100
478	122
478	62
478	74
478	37
478	71
478	93
478	114
478	127
479	54
479	64
479	59
479	130
479	117
479	48
479	12
480	12
480	117
480	37
480	62
480	71
480	41
480	100
480	48
480	25
480	93
481	122
481	74
481	69
481	125
481	93
481	94
481	12
481	29
481	62
481	117
482	25
482	38
482	125
482	36
482	93
482	12
482	42
482	79
482	67
482	117
482	71
483	117
483	55
483	12
484	64
484	12
484	67
484	117
484	36
484	119
484	69
484	77
484	101
485	12
486	12
486	117
486	127
486	25
486	48
486	62
486	74
486	69
486	93
486	101
486	106
487	12
487	117
487	101
487	55
488	50
488	117
488	42
488	12
488	25
488	48
489	12
489	94
490	12
490	61
490	94
491	12
491	26
492	12
492	18
492	117
492	69
492	71
493	69
493	25
493	62
493	12
493	117
493	127
494	12
494	57
495	111
495	12
495	65
496	12
496	17
496	78
496	117
496	45
497	60
497	101
497	63
497	48
497	95
497	84
497	74
497	71
497	69
497	125
497	94
497	55
497	13
497	16
497	57
497	111
497	107
497	62
497	12
497	29
497	59
497	37
497	114
497	67
497	117
497	38
497	14
497	35
497	128
498	74
498	129
498	75
498	12
498	59
498	114
499	12
499	17
499	78
500	12
500	17
501	62
501	12
501	61
501	57
501	65
501	37
502	12
502	38
502	16
503	12
503	93
503	17
503	19
504	18
504	55
504	111
504	12
504	65
505	121
505	12
505	48
505	117
505	126
505	64
505	14
505	82
505	35
505	55
505	114
506	95
506	88
506	74
506	117
506	100
506	45
506	59
506	29
506	12
506	63
506	101
506	21
506	107
506	69
506	56
506	55
506	114
506	37
506	38
506	14
506	48
507	112
507	125
507	93
507	12
