2399 	 2013
2399 	 2346
2399 	 534
2399 	 13
2485 	 1613
2485 	 17
2485 	 43
201 	 2131
201 	 373
201 	 690
201 	 155
201 	 1149
201 	 50
201 	 10
201 	 60
201 	 2584
201 	 1855
201 	 17
201 	 24
201 	 1033
201 	 85
201 	 96
201 	 483
201 	 102
201 	 167
201 	 30
201 	 108
201 	 40
201 	 110
201 	 569
201 	 156
201 	 120
201 	 744
201 	 64
201 	 1630
1001 	 1511
1001 	 2968
1001 	 291
1001 	 7
1001 	 416
1001 	 46
1001 	 2
1001 	 417
1001 	 108
1001 	 1205
1001 	 3297
1001 	 107
1001 	 2040
1323 	 1810
1323 	 107
1323 	 155
1323 	 610
1323 	 84
1323 	 1511
1323 	 23
1323 	 311
1025 	 1921
1025 	 155
1025 	 0
1025 	 389
1025 	 240
1025 	 21
1025 	 236
1025 	 5644
1025 	 118
1025 	 17
1025 	 2028
1025 	 30
1025 	 589
1025 	 109
1025 	 13
1025 	 4
1734 	 1947
1734 	 14
1734 	 85
1734 	 1352
1734 	 2
1734 	 15
1734 	 3627
1734 	 156
1734 	 5710
1808 	 29
1808 	 14
1808 	 21
1808 	 7
1808 	 85
1808 	 1122
1808 	 56
1666 	 29
1666 	 418
1666 	 14
1666 	 301
1666 	 3259
1666 	 0
1666 	 389
1666 	 25
1666 	 7
1666 	 251
1666 	 247
1666 	 127
1666 	 466
2143 	 5388
2143 	 0
2143 	 1352
2143 	 32
1080 	 29
1080 	 997
1080 	 1348
1080 	 388
1080 	 436
1080 	 856
1080 	 89
1080 	 21
1080 	 552
1080 	 5468
1080 	 39
1080 	 47
1080 	 108
1080 	 22
1080 	 1810
1080 	 1136
1080 	 1112
2271 	 1672
2271 	 1076
2271 	 43
2271 	 40
1678 	 60
1678 	 15
1678 	 4078
1678 	 856
1678 	 25
1678 	 202
1678 	 361
1678 	 2
1678 	 969
1678 	 148
1756 	 301
1756 	 188
1756 	 354
1756 	 0
1756 	 2
1756 	 210
1756 	 247
1756 	 2883
1419 	 2978
1419 	 188
1419 	 155
1419 	 25
1419 	 7
1419 	 17
1419 	 134
229 	 2013
229 	 14
229 	 2618
229 	 2535
229 	 2599
229 	 155
229 	 1588
229 	 882
229 	 0
229 	 89
229 	 10
229 	 420
229 	 610
229 	 7
229 	 39
229 	 17
229 	 514
229 	 718
229 	 96
229 	 84
229 	 46
229 	 2
229 	 841
229 	 184
229 	 4516
229 	 127
229 	 13
229 	 318
229 	 466
229 	 180
229 	 122
1674 	 25
1674 	 10
1674 	 47
1674 	 46
1674 	 439
1674 	 268
2208 	 684
2208 	 10
2208 	 1808
2208 	 30
2208 	 4122
1172 	 3976
1172 	 242
1172 	 0
1172 	 42
1172 	 24
1172 	 483
1172 	 2720
1172 	 2
1172 	 108
1172 	 537
1172 	 15
1172 	 318
1172 	 4595
1853 	 1061
1853 	 429
1853 	 2013
1853 	 849
1853 	 60
1853 	 145
1853 	 112
1853 	 398
1853 	 491
2303 	 856
2303 	 2346
2303 	 39
2303 	 96
2303 	 84
2303 	 6151
1610 	 418
1610 	 0
1610 	 544
1610 	 7
1610 	 2
1610 	 558
1610 	 45
1610 	 4583
1858 	 1917
1858 	 7
1858 	 202
1858 	 361
1858 	 2
1858 	 4711
1858 	 13
1814 	 4038
1814 	 1917
1814 	 21
1814 	 2788
1814 	 1033
1814 	 134
1814 	 2
1814 	 184
1814 	 165
1814 	 120
1740 	 14
1740 	 1438
1740 	 63
515 	 29
515 	 1917
515 	 0
515 	 389
515 	 240
515 	 10
515 	 1438
515 	 610
515 	 118
515 	 17
515 	 24
515 	 404
515 	 109
515 	 22
515 	 1185
515 	 4
633 	 29
633 	 2141
633 	 690
633 	 2880
633 	 354
633 	 436
633 	 0
633 	 3483
633 	 21
633 	 50
633 	 10
633 	 550
633 	 17
633 	 457
633 	 3101
633 	 232
633 	 110
633 	 127
633 	 2649
633 	 4
633 	 156
949 	 5154
949 	 14
949 	 242
949 	 0
949 	 89
949 	 21
949 	 42
949 	 610
949 	 202
949 	 24
949 	 84
949 	 4
949 	 691
949 	 142
949 	 64
949 	 311
753 	 201
753 	 3976
753 	 242
753 	 301
753 	 50
753 	 718
753 	 43
753 	 40
753 	 109
753 	 23
753 	 15
753 	 165
753 	 63
753 	 64
1185 	 29
1185 	 1038
1185 	 25
1185 	 10
1185 	 420
1185 	 544
1185 	 40
1185 	 110
1185 	 13
1185 	 399
1185 	 150
1185 	 180
1185 	 1630
931 	 29
931 	 2599
931 	 0
931 	 240
931 	 684
931 	 25
931 	 46
931 	 2
931 	 30
931 	 439
931 	 22
931 	 150
931 	 142
418 	 4389
418 	 29
418 	 188
418 	 684
418 	 860
418 	 39
418 	 2175
418 	 43
418 	 1096
418 	 15
418 	 1705
418 	 466
418 	 12
418 	 156
418 	 180
418 	 45
421 	 242
421 	 467
421 	 7
421 	 145
421 	 30
421 	 40
421 	 112
421 	 398
421 	 23
421 	 32
421 	 15
421 	 12
421 	 120
421 	 2883
2513 	 6108
2513 	 10
2513 	 60
2513 	 1089
527 	 2141
527 	 0
527 	 21
527 	 610
527 	 251
527 	 134
527 	 2
527 	 43
527 	 445
527 	 1515
527 	 2272
527 	 40
527 	 112
527 	 1185
527 	 15
527 	 318
527 	 4595
527 	 45
527 	 64
735 	 1647
735 	 188
735 	 2346
735 	 1029
735 	 24
735 	 96
735 	 43
735 	 125
735 	 22
735 	 196
735 	 210
735 	 32
735 	 3611
556 	 815
556 	 303
556 	 0
556 	 10
556 	 420
556 	 1592
556 	 2
556 	 4062
556 	 4
556 	 156
30 	 197
30 	 201
30 	 2131
30 	 503
30 	 14
30 	 2139
30 	 3259
30 	 2292
30 	 2900
30 	 0
30 	 240
30 	 50
30 	 1563
30 	 42
30 	 860
30 	 7
30 	 17
30 	 24
30 	 1655
30 	 102
30 	 404
30 	 605
30 	 84
30 	 346
30 	 134
30 	 2
30 	 2738
30 	 606
30 	 445
30 	 30
30 	 108
30 	 40
30 	 109
30 	 890
30 	 210
30 	 15
30 	 405
30 	 569
30 	 150
30 	 64
17 	 692
17 	 815
17 	 2131
17 	 932
17 	 418
17 	 2141
17 	 561
17 	 1209
17 	 2880
17 	 3738
17 	 0
17 	 658
17 	 557
17 	 236
17 	 10
17 	 42
17 	 1855
17 	 7
17 	 17
17 	 24
17 	 254
17 	 85
17 	 145
17 	 2364
17 	 894
17 	 346
17 	 134
17 	 2
17 	 417
17 	 22
17 	 110
17 	 569
17 	 33
17 	 1268
17 	 1630
233 	 586
233 	 2978
233 	 201
233 	 29
233 	 816
233 	 373
233 	 418
233 	 301
233 	 0
233 	 389
233 	 240
233 	 21
233 	 557
233 	 118
233 	 39
233 	 254
233 	 245
233 	 2
233 	 1430
233 	 196
233 	 127
233 	 3297
233 	 148
233 	 466
233 	 120
233 	 814
233 	 122
233 	 64
919 	 692
919 	 800
919 	 1357
919 	 369
919 	 21
919 	 1076
919 	 43
919 	 40
919 	 109
919 	 32
919 	 165
2338 	 236
493 	 1465
493 	 301
493 	 856
493 	 42
493 	 753
493 	 251
493 	 17
493 	 254
493 	 3101
493 	 2
493 	 43
493 	 2827
493 	 109
493 	 22
493 	 15
493 	 1849
493 	 63
493 	 148
493 	 122
493 	 64
680 	 3384
680 	 3976
680 	 14
680 	 436
680 	 0
680 	 89
680 	 21
680 	 42
680 	 860
680 	 361
680 	 2272
680 	 109
680 	 13
680 	 4
680 	 107
680 	 156
680 	 180
680 	 64
680 	 4592
828 	 2644
828 	 2131
828 	 1733
828 	 1465
828 	 0
828 	 1855
828 	 7
828 	 118
828 	 251
828 	 254
828 	 46
828 	 470
828 	 2
828 	 43
828 	 165
828 	 1012
828 	 122
828 	 64
828 	 311
756 	 303
756 	 2342
756 	 89
756 	 10
756 	 60
756 	 96
756 	 125
756 	 69
756 	 33
802 	 155
802 	 604
802 	 25
802 	 363
802 	 96
802 	 605
802 	 134
802 	 43
802 	 40
802 	 589
802 	 32
802 	 15
802 	 243
802 	 261
802 	 691
802 	 466
207 	 932
207 	 561
207 	 0
207 	 89
207 	 6108
207 	 392
207 	 60
207 	 7
207 	 47
207 	 96
207 	 2
207 	 589
207 	 841
207 	 154
207 	 247
207 	 318
207 	 399
207 	 180
207 	 122
207 	 1863
207 	 4592
1024 	 1588
1024 	 89
1024 	 369
1024 	 42
1024 	 392
1024 	 39
1024 	 24
1024 	 534
1024 	 302
1024 	 13
1024 	 4
1024 	 63
1024 	 1810
1404 	 25
1404 	 10
1404 	 728
1404 	 247
1404 	 399
2162 	 436
2162 	 47
2162 	 247
1906 	 128
1906 	 436
1906 	 10
1906 	 7
1906 	 39
1906 	 96
1906 	 2
1906 	 247
1906 	 1863
1121 	 4098
1121 	 0
1121 	 10
1121 	 302
1121 	 13
1121 	 156
1121 	 1863
1105 	 1935
1105 	 97
1105 	 202
1105 	 17
1105 	 85
1105 	 483
1105 	 84
1105 	 23
1445 	 5376
1445 	 21
1445 	 7
1445 	 46
1445 	 2059
1445 	 624
1445 	 165
1445 	 13
1445 	 45
1445 	 142
1569 	 10
1569 	 213
1569 	 417
1569 	 2059
1569 	 69
1569 	 405
1569 	 4
1569 	 268
2245 	 436
2245 	 30
2245 	 180
893 	 5916
893 	 997
893 	 25
893 	 10
893 	 108
893 	 439
893 	 3879
893 	 405
893 	 268
669 	 197
669 	 0
669 	 25
669 	 552
669 	 1968
669 	 17
669 	 2143
669 	 3101
669 	 46
669 	 2
669 	 5014
669 	 109
669 	 439
669 	 154
669 	 198
669 	 148
669 	 142
669 	 122
1370 	 550
1370 	 150
1370 	 156
1370 	 439
1370 	 2003
1370 	 1348
1370 	 5629
1370 	 17
1370 	 2707
1370 	 405
1370 	 148
1370 	 1268
613 	 4153
613 	 29
613 	 1348
613 	 0
613 	 420
613 	 1613
613 	 7
613 	 47
613 	 2143
613 	 2
613 	 728
613 	 2707
613 	 33
613 	 180
613 	 1112
1090 	 690
1090 	 21
1090 	 25
1090 	 291
1090 	 7
1090 	 254
1090 	 483
1090 	 110
1090 	 3627
1090 	 1676
1090 	 2040
222 	 3627
222 	 1705
222 	 1438
222 	 201
222 	 1511
222 	 658
222 	 1524
222 	 932
222 	 2346
222 	 60
222 	 97
222 	 7
222 	 213
222 	 17
222 	 112
222 	 210
222 	 88
222 	 1037
222 	 950
222 	 1630
13 	 5856
13 	 4167
13 	 201
13 	 429
13 	 4258
13 	 1924
13 	 14
13 	 242
13 	 2392
13 	 1209
13 	 690
13 	 155
13 	 856
13 	 0
13 	 240
13 	 557
13 	 50
13 	 695
13 	 552
13 	 392
13 	 60
13 	 39
13 	 1352
13 	 134
13 	 2
13 	 606
13 	 43
13 	 108
13 	 1515
13 	 450
13 	 109
13 	 4062
13 	 890
13 	 15
13 	 405
13 	 13
13 	 88
13 	 318
13 	 63
13 	 156
13 	 1324
13 	 150
13 	 64
361 	 29
361 	 128
361 	 2599
361 	 690
361 	 0
361 	 684
361 	 50
361 	 552
361 	 10
361 	 60
361 	 7
361 	 251
361 	 17
361 	 894
361 	 96
361 	 102
361 	 167
361 	 404
361 	 84
361 	 30
361 	 40
361 	 112
361 	 110
361 	 154
361 	 32
361 	 127
361 	 56
361 	 13
361 	 3341
361 	 63
361 	 64
1261 	 2049
1261 	 815
1261 	 257
1261 	 7
1261 	 363
1261 	 2
1261 	 23
1261 	 12
1261 	 45
2309 	 201
2309 	 39
2309 	 17
2309 	 24
2309 	 32
2309 	 13
2309 	 4
1131 	 1693
1131 	 14
1131 	 436
1131 	 50
1131 	 236
1131 	 10
1131 	 4142
1131 	 23
1131 	 32
1131 	 4865
1131 	 438
1131 	 33
1131 	 122
790 	 201
790 	 14
790 	 128
790 	 2880
790 	 0
790 	 389
790 	 604
790 	 557
790 	 25
790 	 361
790 	 302
790 	 15
790 	 127
790 	 13
790 	 4
790 	 45
790 	 122
790 	 64
1553 	 1989
1553 	 684
1553 	 1935
1553 	 1563
1553 	 46
1553 	 30
1553 	 22
2177 	 2292
2177 	 604
2177 	 1871
1238 	 561
1238 	 0
1238 	 10
1238 	 17
1238 	 47
1238 	 2
1238 	 438
1238 	 120
848 	 201
848 	 800
848 	 2535
848 	 514
848 	 346
848 	 43
848 	 30
848 	 109
539 	 29
539 	 50
539 	 552
539 	 257
539 	 544
539 	 213
539 	 46
539 	 445
539 	 30
539 	 112
539 	 110
539 	 69
539 	 890
539 	 1963
539 	 268
539 	 64
539 	 1136
539 	 1112
1628 	 4533
1628 	 10
1628 	 213
1628 	 96
1628 	 1096
1628 	 69
2050 	 997
2050 	 3259
2050 	 7
2050 	 39
2050 	 17
2050 	 22
1127 	 1491
1127 	 128
1127 	 303
1127 	 0
1127 	 21
1127 	 420
1127 	 361
1127 	 1655
1127 	 47
1127 	 2
1127 	 232
1127 	 198
1127 	 107
1127 	 180
1127 	 1676
2231 	 29
2231 	 128
2231 	 202
2231 	 890
2231 	 15
2231 	 56
2231 	 1849
2231 	 4
2413 	 14
2413 	 128
2413 	 3780
2413 	 50
2413 	 102
2413 	 3879
2413 	 261
1473 	 2599
1473 	 346
1473 	 46
1473 	 43
1473 	 15
1473 	 165
1473 	 243
1266 	 1944
1266 	 0
1266 	 10
1266 	 85
1266 	 30
1266 	 69
1266 	 32
1266 	 2120
1430 	 14
1430 	 389
1430 	 1911
1430 	 43
1430 	 110
1430 	 15
1430 	 63
1430 	 2105
729 	 354
729 	 0
729 	 21
729 	 25
729 	 420
729 	 60
729 	 7
729 	 24
729 	 361
729 	 47
729 	 894
729 	 245
729 	 470
729 	 2
729 	 537
729 	 184
729 	 198
729 	 318
729 	 4
729 	 438
729 	 33
729 	 150
729 	 180
729 	 122
910 	 14
910 	 2880
910 	 0
910 	 658
910 	 21
910 	 25
910 	 1033
910 	 2
910 	 450
1211 	 2535
1211 	 301
1211 	 369
1211 	 10
1211 	 1563
1211 	 1855
1211 	 24
1211 	 605
1211 	 2028
1211 	 2
1211 	 1205
1211 	 243
1211 	 466
2001 	 1038
2001 	 728
2001 	 110
2001 	 142
692 	 0
692 	 21
692 	 10
692 	 1438
692 	 17
692 	 24
692 	 1911
692 	 2
692 	 38
692 	 232
692 	 4
692 	 148
692 	 45
692 	 1012
2422 	 4153
2422 	 2788
2422 	 841
2422 	 198
337 	 2392
337 	 303
337 	 1432
337 	 579
337 	 0
337 	 25
337 	 10
337 	 257
337 	 60
337 	 2551
337 	 1076
337 	 1033
337 	 102
337 	 167
337 	 245
337 	 134
337 	 43
337 	 15
337 	 1705
337 	 4865
337 	 438
337 	 691
337 	 834
628 	 29
628 	 0
628 	 25
628 	 544
628 	 39
628 	 24
628 	 534
628 	 134
628 	 2
628 	 728
628 	 108
628 	 40
628 	 841
628 	 961
628 	 22
628 	 110
628 	 127
628 	 13
628 	 4
628 	 148
628 	 399
628 	 180
628 	 122
628 	 1630
1344 	 1038
1344 	 25
1344 	 10
1344 	 42
1344 	 39
1344 	 17
1344 	 4
1344 	 33
1286 	 29
1286 	 1373
1286 	 4533
1286 	 2050
1286 	 25
1286 	 1563
1286 	 96
1286 	 232
1286 	 13
1286 	 64
1286 	 1112
978 	 197
978 	 684
978 	 21
978 	 10
978 	 42
978 	 39
978 	 17
978 	 3101
978 	 408
978 	 30
978 	 69
978 	 56
1073 	 3158
1073 	 29
1073 	 1038
1073 	 89
1073 	 392
1073 	 544
1073 	 39
1073 	 24
1073 	 2
1073 	 728
1073 	 108
1073 	 40
1073 	 109
1073 	 841
1073 	 69
1073 	 127
1073 	 13
1073 	 4
1073 	 63
1073 	 180
1073 	 1630
860 	 1061
860 	 29
860 	 1348
860 	 1647
860 	 0
860 	 684
860 	 21
860 	 25
860 	 3000
860 	 7
860 	 24
860 	 245
860 	 46
860 	 2
860 	 30
860 	 330
860 	 439
860 	 687
860 	 88
860 	 4
860 	 33
860 	 142
642 	 418
642 	 89
642 	 684
642 	 21
642 	 557
642 	 50
642 	 552
642 	 10
642 	 5629
642 	 392
642 	 85
642 	 302
642 	 245
642 	 2059
642 	 125
642 	 330
642 	 110
642 	 32
642 	 127
642 	 243
642 	 88
642 	 63
642 	 148
642 	 1012
2092 	 4153
2092 	 10
2092 	 47
2092 	 30
2092 	 63
2387 	 658
2387 	 10
2387 	 102
2387 	 13
1811 	 932
1811 	 29
1811 	 14
1811 	 21
1811 	 10
1811 	 5122
1811 	 17
1811 	 47
1811 	 439
1811 	 63
1811 	 64
1555 	 4153
1555 	 2350
1555 	 389
1555 	 21
1555 	 416
1555 	 165
1555 	 466
1555 	 618
1504 	 2350
1504 	 503
1504 	 5376
1504 	 155
1504 	 50
1504 	 5644
1504 	 254
1504 	 3101
1504 	 1705
1504 	 64
1504 	 2040
1063 	 1373
1063 	 21
1063 	 5644
1063 	 42
1063 	 39
1063 	 17
1063 	 254
1063 	 96
1063 	 102
1063 	 2
1063 	 417
1063 	 40
1063 	 13
476 	 201
476 	 5376
476 	 4533
476 	 42
476 	 392
476 	 39
476 	 718
476 	 84
476 	 134
476 	 43
476 	 30
476 	 108
476 	 40
476 	 15
476 	 624
476 	 165
476 	 13
476 	 63
1962 	 579
1962 	 30
1962 	 63
300 	 1936
300 	 14
300 	 2342
300 	 0
300 	 658
300 	 557
300 	 50
300 	 236
300 	 695
300 	 10
300 	 610
300 	 202
300 	 4022
300 	 24
300 	 102
300 	 404
300 	 134
300 	 108
300 	 109
300 	 439
300 	 110
300 	 1511
300 	 1185
300 	 4282
300 	 691
2324 	 882
2324 	 389
2324 	 604
2324 	 38
2324 	 13
2324 	 491
294 	 29
294 	 14
294 	 301
294 	 188
294 	 354
294 	 0
294 	 89
294 	 21
294 	 2050
294 	 25
294 	 10
294 	 42
294 	 1968
294 	 7
294 	 894
294 	 2720
294 	 2
294 	 2272
294 	 2250
294 	 22
294 	 687
294 	 88
294 	 318
294 	 4
294 	 148
294 	 1421
294 	 180
294 	 1012
1153 	 5011
1153 	 89
1153 	 21
1153 	 25
1153 	 10
1153 	 42
1153 	 1655
1153 	 96
1153 	 46
1153 	 184
1153 	 107
1153 	 142
2582 	 5629
2219 	 89
2219 	 25
2219 	 85
2219 	 470
2219 	 399
1457 	 5916
1457 	 89
1457 	 25
1457 	 236
1457 	 10
1457 	 457
1457 	 605
1599 	 1348
1599 	 4602
1599 	 2050
1599 	 17
1599 	 2239
1599 	 728
2498 	 5292
2498 	 10
2498 	 64
2299 	 604
2299 	 25
2299 	 47
2299 	 247
2299 	 318
2299 	 64
2299 	 311
1421 	 14
1421 	 0
1421 	 17
1421 	 363
1421 	 47
1421 	 2
1421 	 13
1421 	 156
1421 	 399
1820 	 389
1820 	 557
1820 	 50
1820 	 257
1820 	 261
1820 	 107
1820 	 466
1820 	 156
1820 	 268
647 	 1465
647 	 1373
647 	 1647
647 	 1149
647 	 552
647 	 5644
647 	 42
647 	 39
647 	 213
647 	 17
647 	 24
647 	 102
647 	 30
647 	 108
647 	 450
647 	 15
647 	 13
647 	 156
647 	 150
1963 	 932
1963 	 2307
1963 	 50
1963 	 1563
1963 	 610
1963 	 17
1963 	 69
1274 	 2049
1274 	 0
1274 	 604
1274 	 10
1274 	 1410
1274 	 3056
1274 	 30
1274 	 439
1274 	 796
1274 	 88
1274 	 64
1766 	 3631
1766 	 658
1766 	 25
1766 	 39
1766 	 102
1766 	 134
1766 	 43
1766 	 69
1766 	 1268
1023 	 2978
1023 	 0
1023 	 7
1023 	 1033
1023 	 605
1023 	 346
1023 	 134
1023 	 40
1023 	 691
1023 	 156
2052 	 2111
2052 	 165
1060 	 1917
1060 	 17
1060 	 96
1060 	 30
1060 	 156
1929 	 1733
1929 	 1465
1929 	 436
1929 	 0
1929 	 46
1929 	 2
1929 	 184
1929 	 13
794 	 5011
794 	 29
794 	 1348
794 	 155
794 	 10
794 	 42
794 	 420
794 	 7
794 	 39
794 	 96
794 	 2
794 	 40
794 	 184
794 	 13
794 	 148
794 	 33
794 	 150
1875 	 1438
1875 	 17
944 	 2545
944 	 4300
944 	 242
944 	 240
944 	 50
944 	 552
944 	 392
944 	 60
944 	 605
944 	 84
944 	 2
944 	 40
944 	 1096
944 	 112
944 	 890
944 	 261
944 	 13
1831 	 197
1831 	 128
1831 	 436
1831 	 21
1831 	 42
1831 	 7
1831 	 17
1831 	 483
1831 	 4
1831 	 466
1831 	 142
1150 	 4300
1150 	 242
1150 	 4533
1150 	 50
1150 	 552
1150 	 392
1150 	 60
1150 	 605
1150 	 84
1150 	 30
1150 	 1096
1150 	 112
1150 	 890
1150 	 261
1150 	 13
1150 	 63
1150 	 150
845 	 932
845 	 155
845 	 291
845 	 1246
845 	 550
845 	 39
845 	 483
845 	 134
845 	 43
845 	 38
845 	 40
845 	 589
845 	 398
845 	 184
845 	 15
845 	 243
845 	 1324
845 	 150
768 	 586
768 	 29
768 	 301
768 	 1246
768 	 610
768 	 118
768 	 1033
768 	 134
768 	 2
768 	 445
768 	 450
768 	 247
768 	 4
1141 	 1209
1141 	 21
1141 	 42
1141 	 5122
1141 	 85
1141 	 134
1141 	 30
1141 	 398
1141 	 624
1141 	 318
2414 	 2880
2414 	 96
2414 	 84
2414 	 1205
2414 	 247
2414 	 1143
192 	 1465
192 	 29
192 	 373
192 	 690
192 	 0
192 	 658
192 	 21
192 	 7
192 	 17
192 	 24
192 	 1033
192 	 145
192 	 84
192 	 2
192 	 43
192 	 30
192 	 108
192 	 450
192 	 589
192 	 110
192 	 69
192 	 890
192 	 127
192 	 13
192 	 63
192 	 148
192 	 150
192 	 1012
192 	 122
1459 	 303
1459 	 10
1459 	 1438
1459 	 2145
1459 	 1626
1459 	 2
1459 	 232
1459 	 2250
1459 	 148
1459 	 438
1459 	 1863
1605 	 1209
1605 	 89
1605 	 557
1605 	 118
1605 	 24
1605 	 254
1605 	 43
1605 	 198
1605 	 45
1759 	 14
1759 	 0
1759 	 21
1759 	 1246
1759 	 363
1759 	 2
1759 	 4
1759 	 148
1759 	 64
1470 	 4464
1470 	 882
1470 	 0
1470 	 89
1470 	 42
1470 	 2
1470 	 318
1470 	 1421
1470 	 1143
2514 	 2139
2514 	 388
625 	 1159
625 	 155
625 	 21
625 	 42
625 	 860
625 	 346
625 	 134
625 	 450
625 	 40
625 	 109
625 	 398
625 	 32
2095 	 25
2095 	 5362
2095 	 180
616 	 29
616 	 128
616 	 1149
616 	 0
616 	 684
616 	 236
616 	 10
616 	 7
616 	 47
616 	 894
616 	 102
616 	 2
616 	 2059
616 	 4991
616 	 438
616 	 33
378 	 29
378 	 301
378 	 467
378 	 0
378 	 658
378 	 684
378 	 10
378 	 42
378 	 2551
378 	 251
378 	 24
378 	 363
378 	 96
378 	 483
378 	 605
378 	 46
378 	 558
378 	 110
378 	 154
378 	 405
378 	 1676
2017 	 128
2017 	 0
2017 	 21
2017 	 1246
2017 	 361
2017 	 2
2017 	 4
2017 	 180
1922 	 2548
1922 	 188
1922 	 25
1922 	 236
1922 	 10
1922 	 47
1922 	 198
830 	 1348
830 	 25
830 	 10
830 	 1555
830 	 96
830 	 245
830 	 30
830 	 2059
830 	 88
830 	 180
2242 	 2003
2242 	 17
2242 	 1089
2242 	 470
1974 	 2487
1974 	 1373
1974 	 1458
1974 	 25
1974 	 42
1974 	 127
1974 	 13
1974 	 156
1974 	 142
1974 	 120
1974 	 1810
1176 	 997
1176 	 10
1176 	 213
1176 	 46
1176 	 2
1176 	 728
1176 	 108
1176 	 232
1176 	 69
1114 	 418
1114 	 882
1114 	 89
1114 	 21
1114 	 50
1114 	 552
1114 	 392
1114 	 85
1114 	 302
1114 	 2059
1114 	 125
1114 	 330
1114 	 110
1114 	 32
1114 	 127
1114 	 63
2230 	 42
2230 	 346
2230 	 46
2230 	 40
1160 	 1491
1160 	 21
1160 	 291
1160 	 118
1160 	 134
1160 	 2975
1160 	 198
1160 	 56
1160 	 45
1160 	 122
2241 	 354
2241 	 25
2241 	 202
2241 	 84
2241 	 46
2241 	 15
141 	 201
141 	 2013
141 	 2545
141 	 690
141 	 1357
141 	 1458
141 	 303
141 	 3483
141 	 60
141 	 1855
141 	 718
141 	 85
141 	 167
141 	 417
141 	 30
141 	 108
141 	 40
141 	 890
141 	 32
141 	 691
141 	 156
141 	 150
141 	 180
141 	 142
141 	 1810
141 	 1676
2453 	 2003
2453 	 2050
2453 	 25
2453 	 46
2453 	 2
573 	 29
573 	 561
573 	 0
573 	 684
573 	 25
573 	 420
573 	 24
573 	 47
573 	 894
573 	 46
573 	 2
573 	 247
573 	 4
573 	 33
573 	 150
573 	 268
573 	 122
573 	 1630
2495 	 5697
2495 	 25
2495 	 254
2495 	 40
1213 	 4602
1213 	 21
1213 	 42
1213 	 5122
1213 	 118
1213 	 134
1213 	 2975
1213 	 22
1213 	 180
1213 	 142
1924 	 2139
1924 	 882
1924 	 89
1924 	 236
1924 	 118
1924 	 46
1924 	 2056
541 	 1989
541 	 4851
541 	 1209
541 	 0
541 	 557
541 	 42
541 	 550
541 	 85
541 	 96
541 	 167
541 	 84
541 	 134
541 	 43
541 	 30
541 	 1515
541 	 40
541 	 112
541 	 69
541 	 15
541 	 127
541 	 13
541 	 691
491 	 197
491 	 14
491 	 354
491 	 0
491 	 21
491 	 2153
491 	 60
491 	 860
491 	 47
491 	 2
491 	 247
491 	 127
491 	 88
491 	 4
491 	 63
491 	 33
491 	 156
491 	 45
491 	 142
491 	 814
491 	 122
491 	 4872
491 	 834
1736 	 188
1736 	 10
1736 	 1555
1736 	 3000
1736 	 7
1736 	 17
1736 	 85
1736 	 2720
1736 	 2
1736 	 4868
1736 	 184
1736 	 247
1736 	 148
1736 	 399
1140 	 29
1140 	 0
1140 	 21
1140 	 860
1140 	 24
1140 	 1592
1140 	 1655
1140 	 2
1140 	 232
1140 	 22
1140 	 23
1140 	 4
1140 	 148
2089 	 128
2089 	 0
2089 	 7
2089 	 17
2089 	 96
2089 	 102
2089 	 470
2089 	 2
2089 	 399
1802 	 932
1802 	 6108
1802 	 21
1802 	 17
1802 	 24
1802 	 439
1802 	 56
1802 	 4
1881 	 2978
1881 	 14
1881 	 388
1881 	 10
1881 	 1655
1881 	 439
1881 	 1122
1881 	 180
480 	 932
480 	 561
480 	 354
480 	 3259
480 	 579
480 	 0
480 	 89
480 	 6108
480 	 42
480 	 118
480 	 17
480 	 24
480 	 1655
480 	 2
480 	 537
480 	 22
480 	 2707
480 	 198
480 	 4
480 	 33
480 	 156
480 	 180
480 	 122
480 	 1143
480 	 1112
253 	 2350
253 	 29
253 	 4464
253 	 1348
253 	 388
253 	 0
253 	 89
253 	 240
253 	 21
253 	 10
253 	 60
253 	 251
253 	 17
253 	 47
253 	 894
253 	 457
253 	 2
253 	 4991
253 	 22
253 	 184
253 	 88
253 	 4
253 	 148
253 	 33
253 	 466
253 	 45
1249 	 4629
1249 	 188
1249 	 2968
1249 	 2
1249 	 232
1249 	 33
1249 	 399
1249 	 180
1597 	 1733
1597 	 856
1597 	 236
1597 	 69
1597 	 268
1452 	 29
1452 	 14
1452 	 21
1452 	 392
1452 	 7
1452 	 404
1452 	 109
1452 	 165
1452 	 13
1452 	 4
1452 	 2040
1103 	 29
1103 	 21
1103 	 25
1103 	 10
1103 	 5644
1103 	 2
1103 	 184
1103 	 624
1103 	 4
1103 	 3561
1103 	 33
1103 	 122
1103 	 834
1583 	 4258
1583 	 29
1583 	 354
1583 	 21
1583 	 236
1583 	 257
1583 	 5468
1583 	 118
1583 	 1592
1583 	 1655
1583 	 2720
1583 	 2
1583 	 56
1583 	 142
1583 	 1268
2120 	 3247
2120 	 60
2120 	 361
2120 	 156
868 	 29
868 	 0
868 	 89
868 	 240
868 	 21
868 	 544
868 	 7
868 	 118
868 	 17
868 	 167
868 	 470
868 	 2
868 	 2738
868 	 112
868 	 154
868 	 32
868 	 13
868 	 318
868 	 4
868 	 311
2317 	 4153
2317 	 29
2317 	 10
2317 	 30
1625 	 242
1625 	 21
1625 	 718
1625 	 6073
1625 	 43
1625 	 30
1625 	 40
1625 	 32
1625 	 15
1625 	 165
1625 	 63
1625 	 64
1926 	 0
1926 	 420
1926 	 47
1926 	 894
1926 	 232
1926 	 247
1926 	 13
1926 	 88
1926 	 33
1926 	 180
1926 	 122
1106 	 4613
1106 	 155
1106 	 0
1106 	 25
1106 	 236
1106 	 2792
1106 	 1968
1106 	 534
1106 	 46
1106 	 417
1106 	 40
1106 	 210
1106 	 438
1106 	 691
1106 	 33
1106 	 180
496 	 2141
496 	 2599
496 	 0
496 	 21
496 	 552
496 	 544
496 	 251
496 	 213
496 	 84
496 	 46
496 	 417
496 	 43
496 	 445
496 	 728
496 	 30
496 	 69
496 	 150
496 	 268
496 	 122
236 	 2537
236 	 29
236 	 1373
236 	 21
236 	 236
236 	 552
236 	 544
236 	 251
236 	 213
236 	 46
236 	 2
236 	 43
236 	 728
236 	 69
236 	 4
236 	 268
236 	 64
535 	 29
535 	 21
535 	 552
535 	 544
535 	 550
535 	 251
535 	 213
535 	 46
535 	 2
535 	 417
535 	 43
535 	 445
535 	 728
535 	 30
535 	 330
535 	 110
535 	 69
535 	 5315
535 	 1963
535 	 142
535 	 1810
535 	 64
967 	 1348
967 	 0
967 	 25
967 	 10
967 	 7
967 	 47
967 	 894
967 	 232
967 	 4
967 	 33
967 	 180
967 	 122
2492 	 89
2492 	 107
2492 	 150
1816 	 323
1816 	 389
1816 	 39
1816 	 483
1816 	 102
1585 	 2342
1585 	 4944
1585 	 0
1585 	 39
1585 	 470
1585 	 109
1585 	 247
2277 	 0
2277 	 6002
2277 	 125
2277 	 4
2277 	 1676
2277 	 1585
1191 	 1924
1191 	 882
1191 	 0
1191 	 21
1191 	 557
1191 	 25
1191 	 363
1191 	 2
1191 	 125
1191 	 22
1191 	 247
1191 	 180
1191 	 142
1439 	 1348
1439 	 0
1439 	 25
1439 	 60
1439 	 24
1439 	 361
1439 	 184
1439 	 198
1439 	 13
1900 	 14
1900 	 2392
1900 	 882
1900 	 5673
1900 	 557
1900 	 7
1900 	 39
1900 	 247
1900 	 15
1143 	 14
1143 	 240
1143 	 50
1143 	 167
1143 	 43
1143 	 40
1143 	 32
1143 	 15
1143 	 63
1143 	 399
529 	 906
529 	 155
529 	 2342
529 	 604
529 	 97
529 	 7
529 	 534
529 	 38
529 	 40
529 	 110
529 	 69
529 	 32
529 	 127
529 	 63
529 	 691
529 	 1136
809 	 323
809 	 1924
809 	 354
809 	 1917
809 	 882
809 	 389
809 	 1591
809 	 1246
809 	 38
809 	 398
809 	 311
2334 	 3904
2334 	 2535
2334 	 389
2334 	 10
2334 	 134
2334 	 63
2019 	 1465
2019 	 816
2019 	 3959
2019 	 1647
2019 	 860
2019 	 2272
2019 	 64
2438 	 882
2438 	 102
2438 	 30
2518 	 2349
2518 	 2548
2518 	 557
2518 	 236
2518 	 4
1935 	 557
1935 	 50
1935 	 392
1935 	 202
1935 	 302
1935 	 261
1935 	 13
1935 	 63
1624 	 816
1624 	 0
1624 	 17
1624 	 47
1624 	 2
1624 	 330
1624 	 22
1624 	 198
1624 	 180
1283 	 29
1283 	 0
1283 	 389
1283 	 10
1283 	 97
1283 	 47
1283 	 417
1283 	 108
1283 	 184
1283 	 32
1283 	 45
1580 	 3712
1580 	 2143
1580 	 2
1580 	 33
1339 	 4144
1339 	 4851
1339 	 1432
1339 	 604
1339 	 167
1339 	 196
1339 	 691
1339 	 1421
1339 	 1871
2049 	 29
2049 	 21
2049 	 43
2049 	 22
2049 	 268
2150 	 2139
2150 	 21
2150 	 46
2150 	 2
2150 	 728
2150 	 5769
2150 	 232
2150 	 107
446 	 932
446 	 503
446 	 242
446 	 89
446 	 42
446 	 753
446 	 1592
446 	 346
446 	 2
446 	 4264
446 	 40
446 	 69
446 	 13
446 	 2683
446 	 4
446 	 150
446 	 180
446 	 142
446 	 814
446 	 4592
446 	 1630
2165 	 201
2165 	 0
2165 	 1935
2165 	 50
2165 	 10
2165 	 1438
2165 	 7
2165 	 202
2165 	 261
2165 	 64
1165 	 29
1165 	 856
1165 	 25
1165 	 236
1165 	 1563
1165 	 550
1165 	 17
1165 	 24
1165 	 2364
1165 	 46
228 	 692
228 	 1902
228 	 14
228 	 1209
228 	 155
228 	 467
228 	 684
228 	 50
228 	 695
228 	 552
228 	 392
228 	 97
228 	 2551
228 	 202
228 	 2364
228 	 96
228 	 167
228 	 404
228 	 134
228 	 43
228 	 30
228 	 2975
228 	 537
228 	 40
228 	 110
228 	 1511
228 	 32
228 	 243
228 	 261
228 	 4865
228 	 63
228 	 3903
228 	 691
228 	 3111
228 	 466
228 	 399
482 	 2978
482 	 800
482 	 242
482 	 2535
482 	 369
482 	 42
482 	 39
482 	 514
482 	 346
482 	 43
482 	 40
482 	 398
482 	 4516
482 	 15
482 	 624
482 	 165
482 	 4
2188 	 1944
2188 	 420
2188 	 17
2188 	 47
320 	 4258
320 	 373
320 	 1921
320 	 882
320 	 0
320 	 21
320 	 50
320 	 42
320 	 118
320 	 202
320 	 2028
320 	 2
320 	 2738
320 	 2250
320 	 22
320 	 184
320 	 850
320 	 569
320 	 107
320 	 150
320 	 1012
320 	 122
320 	 1585
320 	 618
1031 	 3663
1031 	 50
1031 	 10
1031 	 60
1031 	 605
1031 	 245
1031 	 43
1031 	 69
1031 	 63
1031 	 438
894 	 3384
894 	 29
894 	 1318
894 	 14
894 	 21
894 	 50
894 	 7
894 	 753
894 	 3056
894 	 85
894 	 416
894 	 102
894 	 2
894 	 30
894 	 318
894 	 4
894 	 311
1480 	 29
1480 	 1318
1480 	 1647
1480 	 856
1480 	 0
1480 	 118
1480 	 17
1480 	 30
1480 	 318
1480 	 4
1480 	 156
1480 	 311
1936 	 2350
1936 	 467
1936 	 89
1936 	 10
1936 	 39
1936 	 2175
1936 	 1096
2717 	 5362
2717 	 56
459 	 201
459 	 242
459 	 369
459 	 50
459 	 392
459 	 718
459 	 84
459 	 134
459 	 43
459 	 40
459 	 109
459 	 165
459 	 243
459 	 405
459 	 13
459 	 4
459 	 63
415 	 3384
415 	 14
415 	 561
415 	 188
415 	 291
415 	 60
415 	 17
415 	 24
415 	 46
415 	 2
415 	 1122
415 	 687
415 	 4
415 	 148
415 	 438
415 	 1421
415 	 1268
415 	 122
415 	 311
2629 	 2968
317 	 5069
317 	 29
317 	 373
317 	 1647
317 	 21
317 	 236
317 	 552
317 	 10
317 	 544
317 	 251
317 	 213
317 	 17
317 	 24
317 	 46
317 	 2
317 	 445
317 	 728
317 	 30
317 	 330
317 	 110
317 	 969
317 	 69
317 	 1963
317 	 120
317 	 64
275 	 29
275 	 2599
275 	 21
275 	 552
275 	 544
275 	 7
275 	 251
275 	 213
275 	 17
275 	 2364
275 	 46
275 	 2
275 	 445
275 	 728
275 	 30
275 	 537
275 	 330
275 	 110
275 	 69
275 	 15
275 	 33
275 	 1963
275 	 120
275 	 1810
275 	 920
434 	 2537
434 	 4629
434 	 354
434 	 3663
434 	 2968
434 	 1089
434 	 330
434 	 820
434 	 1810
1282 	 29
1282 	 2139
1282 	 0
1282 	 21
1282 	 25
1282 	 291
1282 	 10
1282 	 47
1282 	 470
1282 	 2
1282 	 4
1282 	 107
1282 	 156
1282 	 150
769 	 1733
769 	 242
769 	 39
769 	 404
769 	 84
769 	 445
769 	 109
769 	 969
769 	 15
769 	 4
2534 	 14
2534 	 32
2534 	 15
2534 	 399
2534 	 2120
1604 	 301
1604 	 0
1604 	 42
1604 	 7
1604 	 17
1604 	 589
1604 	 318
1604 	 45
1604 	 142
1899 	 5154
1899 	 557
1899 	 514
1899 	 589
1899 	 13
2201 	 418
2201 	 10
2201 	 102
2201 	 5453
2213 	 3680
2213 	 10
2213 	 96
2213 	 605
2213 	 109
2374 	 1591
2374 	 1246
2374 	 38
2374 	 3903
1707 	 4851
1707 	 467
1707 	 0
1707 	 1968
1707 	 534
1707 	 196
1707 	 69
1707 	 32
1707 	 127
2142 	 2307
2142 	 14
2142 	 860
2142 	 156
2272 	 3259
2272 	 467
2272 	 1855
2272 	 4
2272 	 63
534 	 201
534 	 1588
534 	 50
534 	 202
534 	 254
534 	 1033
534 	 85
534 	 145
534 	 2
534 	 43
534 	 445
534 	 1430
534 	 40
534 	 439
534 	 22
534 	 110
534 	 142
534 	 120
1458 	 1371
1458 	 658
1458 	 10
1458 	 1438
1458 	 1352
1458 	 127
145 	 3976
145 	 5154
145 	 14
145 	 242
145 	 561
145 	 1647
145 	 4138
145 	 369
145 	 50
145 	 42
145 	 392
145 	 2533
145 	 753
145 	 3056
145 	 17
145 	 1449
145 	 134
145 	 43
145 	 30
145 	 2975
145 	 108
145 	 109
145 	 112
145 	 165
145 	 405
145 	 13
145 	 64
230 	 5069
230 	 5154
230 	 242
230 	 1038
230 	 3959
230 	 4533
230 	 369
230 	 50
230 	 42
230 	 392
230 	 860
230 	 514
230 	 102
230 	 46
230 	 134
230 	 30
230 	 1430
230 	 108
230 	 624
230 	 165
230 	 243
230 	 405
230 	 13
230 	 64
1330 	 155
1330 	 10
1330 	 7
1330 	 96
1330 	 1911
1330 	 605
1330 	 69
1330 	 268
1010 	 128
1010 	 301
1010 	 0
1010 	 10
1010 	 17
1010 	 361
1010 	 47
1010 	 894
1010 	 5014
1010 	 56
1010 	 33
1010 	 150
1010 	 180
1010 	 122
972 	 14
972 	 0
972 	 527
972 	 167
972 	 2720
972 	 330
972 	 232
1836 	 932
1836 	 816
1836 	 561
1836 	 21
1836 	 118
1836 	 2
1836 	 841
1836 	 2056
1836 	 405
1836 	 107
1836 	 150
381 	 1061
381 	 29
381 	 128
381 	 684
381 	 21
381 	 2050
381 	 25
381 	 60
381 	 7
381 	 17
381 	 254
381 	 2143
381 	 46
381 	 2
381 	 969
381 	 4
381 	 148
381 	 150
381 	 142
1347 	 586
1347 	 953
1347 	 14
1347 	 242
1347 	 2535
1347 	 1209
1347 	 389
1347 	 6073
1347 	 43
1347 	 40
1347 	 165
1347 	 243
1347 	 63
1347 	 45
1347 	 1012
1440 	 2600
1440 	 1555
1440 	 7
1440 	 22
1440 	 13
1440 	 33
888 	 29
888 	 0
888 	 658
888 	 25
888 	 236
888 	 1563
888 	 60
888 	 7
888 	 24
888 	 47
888 	 894
888 	 167
888 	 417
888 	 4
888 	 33
888 	 150
888 	 180
1237 	 1902
1237 	 3976
1237 	 14
1237 	 0
1237 	 202
1237 	 17
1237 	 145
1237 	 1352
1237 	 32
1237 	 15
1237 	 261
1237 	 63
1237 	 491
1987 	 2537
1987 	 388
1987 	 5215
1987 	 25
1987 	 1089
1987 	 184
1987 	 438
1987 	 814
188 	 800
188 	 5154
188 	 14
188 	 188
188 	 0
188 	 369
188 	 50
188 	 42
188 	 2533
188 	 860
188 	 39
188 	 24
188 	 96
188 	 457
188 	 1449
188 	 346
188 	 134
188 	 43
188 	 445
188 	 30
188 	 108
188 	 112
188 	 110
188 	 165
188 	 64
188 	 1826
2497 	 3720
2497 	 38
2497 	 318
2497 	 4
1079 	 561
1079 	 436
1079 	 0
1079 	 42
1079 	 5468
1079 	 7
1079 	 416
1079 	 2
1079 	 30
1079 	 961
1079 	 23
1079 	 261
1079 	 45
1079 	 120
2068 	 3465
2068 	 24
2068 	 88
464 	 2618
464 	 4464
464 	 1209
464 	 42
464 	 753
464 	 346
464 	 2975
464 	 38
464 	 40
464 	 4516
464 	 318
464 	 5315
464 	 63
464 	 4592
1844 	 856
1844 	 21
1844 	 10
1844 	 39
1844 	 30
1844 	 247
1844 	 13
1844 	 1112
958 	 3230
958 	 1917
958 	 1588
958 	 1149
958 	 0
958 	 89
958 	 21
958 	 25
958 	 60
958 	 544
958 	 361
958 	 46
958 	 2
958 	 13
958 	 88
958 	 4
958 	 107
958 	 45
958 	 142
958 	 122
1234 	 2600
1234 	 4851
1234 	 2050
1234 	 10
1234 	 1438
1234 	 46
1234 	 23
1234 	 120
2444 	 3465
2444 	 5794
2444 	 196
1507 	 14
1507 	 1373
1507 	 369
1507 	 25
1507 	 42
1507 	 134
1507 	 40
1507 	 4
512 	 815
512 	 373
512 	 5673
512 	 1076
512 	 39
512 	 5794
512 	 483
512 	 605
512 	 30
512 	 112
512 	 23
512 	 3903
512 	 268
512 	 1833
263 	 4167
263 	 1465
263 	 14
263 	 1159
263 	 188
263 	 4098
263 	 420
263 	 97
263 	 47
263 	 102
263 	 1352
263 	 450
263 	 969
263 	 69
263 	 23
263 	 15
263 	 4
263 	 438
263 	 5167
263 	 33
263 	 150
787 	 2049
787 	 2350
787 	 1373
787 	 0
787 	 42
787 	 257
787 	 2175
787 	 245
787 	 2
787 	 537
787 	 110
787 	 23
787 	 4
787 	 148
1637 	 14
1637 	 188
1637 	 4138
1637 	 2922
1637 	 17
1637 	 398
1637 	 4062
1637 	 23
1637 	 15
1637 	 261
1637 	 13
1637 	 5167
1128 	 1418
1128 	 815
1128 	 373
1128 	 17
1128 	 363
1128 	 46
1128 	 69
1128 	 23
1128 	 15
1128 	 12
2 	 4583
2 	 5371
2 	 586
2 	 2600
2 	 815
2 	 201
2 	 429
2 	 4096
2 	 1693
2 	 4300
2 	 690
2 	 1357
2 	 1458
2 	 2719
2 	 467
2 	 1432
2 	 3483
2 	 658
2 	 1935
2 	 849
2 	 1563
2 	 60
2 	 357
2 	 7
2 	 1076
2 	 4022
2 	 24
2 	 363
2 	 85
2 	 1911
2 	 167
2 	 404
2 	 84
2 	 46
2 	 2738
2 	 30
2 	 108
2 	 125
2 	 109
2 	 112
2 	 110
2 	 210
2 	 32
2 	 624
2 	 405
2 	 3111
2 	 3561
2 	 156
2 	 1963
2 	 2362
2 	 950
2 	 1810
2 	 814
2 	 1826
2 	 1833
216 	 815
216 	 436
216 	 3631
216 	 50
216 	 552
216 	 10
216 	 213
216 	 363
216 	 46
216 	 43
216 	 445
216 	 30
216 	 450
216 	 112
216 	 110
216 	 69
216 	 23
216 	 4
216 	 12
216 	 1963
216 	 120
216 	 268
216 	 64
216 	 1863
1530 	 3959
1530 	 753
1530 	 514
1530 	 346
1530 	 2
1530 	 38
1530 	 40
1530 	 4
1530 	 142
1065 	 2600
1065 	 1465
1065 	 418
1065 	 128
1065 	 291
1065 	 7
1065 	 2
1065 	 4991
1065 	 450
1065 	 841
1065 	 198
1065 	 122
930 	 2900
930 	 2533
930 	 96
930 	 404
930 	 346
930 	 43
930 	 30
930 	 109
930 	 13
1357 	 3904
1357 	 128
1357 	 155
1357 	 145
1357 	 69
1357 	 32
1357 	 3611
1357 	 4583
558 	 800
558 	 5154
558 	 14
558 	 0
558 	 50
558 	 42
558 	 860
558 	 85
558 	 96
558 	 134
558 	 43
558 	 30
558 	 112
558 	 23
558 	 165
558 	 64
2474 	 856
2474 	 420
2474 	 438
2474 	 1112
2597 	 2788
2597 	 1857
2597 	 1531
2002 	 2307
2002 	 10
2002 	 96
2002 	 13
2002 	 156
2002 	 180
2394 	 2346
2394 	 2533
2394 	 39
2394 	 534
2394 	 96
2394 	 6151
1374 	 1209
1374 	 155
1374 	 21
1374 	 97
1374 	 445
1374 	 728
1374 	 108
1374 	 125
1374 	 466
1374 	 120
1374 	 2946
1093 	 579
1093 	 856
1093 	 369
1093 	 42
1093 	 753
1093 	 39
1093 	 3056
1093 	 96
1093 	 84
1093 	 40
1093 	 405
1093 	 13
1093 	 318
1093 	 63
1093 	 107
1483 	 4203
1483 	 323
1483 	 10
1483 	 24
1483 	 196
1483 	 210
1483 	 154
1483 	 23
1638 	 1357
1638 	 303
1638 	 167
1638 	 32
1638 	 15
1638 	 3879
1638 	 63
1638 	 148
722 	 2600
722 	 2049
722 	 188
722 	 240
722 	 50
722 	 39
722 	 17
722 	 718
722 	 404
722 	 1808
722 	 43
722 	 23
722 	 32
722 	 1705
722 	 12
0 	 586
0 	 429
0 	 418
0 	 690
0 	 303
0 	 467
0 	 1432
0 	 579
0 	 936
0 	 557
0 	 291
0 	 50
0 	 10
0 	 60
0 	 3771
0 	 7
0 	 1076
0 	 4022
0 	 213
0 	 24
0 	 718
0 	 2540
0 	 85
0 	 381
0 	 894
0 	 302
0 	 483
0 	 457
0 	 1911
0 	 167
0 	 605
0 	 417
0 	 30
0 	 558
0 	 108
0 	 125
0 	 40
0 	 22
0 	 110
0 	 69
0 	 890
0 	 210
0 	 23
0 	 127
0 	 198
0 	 63
0 	 691
0 	 33
0 	 1963
0 	 150
0 	 2362
0 	 311
0 	 4583
254 	 373
254 	 301
254 	 188
254 	 0
254 	 24
254 	 527
254 	 46
254 	 2
254 	 43
254 	 408
254 	 110
254 	 890
254 	 23
254 	 15
254 	 12
254 	 64
254 	 1826
876 	 5371
876 	 692
876 	 1357
876 	 10
876 	 302
876 	 404
876 	 23
876 	 12
9 	 586
9 	 4144
9 	 201
9 	 4613
9 	 1465
9 	 29
9 	 373
9 	 418
9 	 4300
9 	 561
9 	 301
9 	 1458
9 	 3259
9 	 303
9 	 0
9 	 658
9 	 10
9 	 1438
9 	 97
9 	 860
9 	 2551
9 	 251
9 	 17
9 	 254
9 	 1033
9 	 2540
9 	 145
9 	 527
9 	 404
9 	 245
9 	 84
9 	 2
9 	 30
9 	 1430
9 	 450
9 	 4078
9 	 110
9 	 398
9 	 890
9 	 23
9 	 32
9 	 13
9 	 142
9 	 120
9 	 122
1746 	 692
1746 	 997
1746 	 467
1746 	 1432
1746 	 145
1746 	 102
1746 	 408
1746 	 32
1746 	 127
1746 	 12
2257 	 3963
2257 	 1089
2257 	 2540
2257 	 23
2257 	 4051
2257 	 45
2257 	 920
208 	 1418
208 	 242
208 	 188
208 	 0
208 	 550
208 	 7
208 	 118
208 	 24
208 	 2239
208 	 404
208 	 46
208 	 2
208 	 1430
208 	 38
208 	 210
208 	 23
208 	 2649
208 	 1705
208 	 3111
208 	 1022
208 	 12
208 	 268
208 	 122
208 	 311
348 	 4172
348 	 0
348 	 1371
348 	 60
348 	 97
348 	 2145
348 	 7
348 	 251
348 	 24
348 	 85
348 	 302
348 	 404
348 	 245
348 	 22
348 	 398
348 	 210
348 	 3109
348 	 23
348 	 32
348 	 4
348 	 1022
348 	 45
348 	 2362
348 	 950
348 	 618
1125 	 373
1125 	 0
1125 	 25
1125 	 1591
1125 	 145
1125 	 46
1125 	 2
1125 	 23
1125 	 1705
1125 	 12
25 	 815
25 	 2644
25 	 429
25 	 29
25 	 373
25 	 690
25 	 5215
25 	 0
25 	 240
25 	 291
25 	 50
25 	 849
25 	 357
25 	 39
25 	 24
25 	 85
25 	 483
25 	 245
25 	 108
25 	 40
25 	 439
25 	 1205
25 	 110
25 	 210
25 	 23
25 	 15
25 	 127
25 	 405
25 	 13
25 	 63
25 	 12
25 	 156
25 	 2120
25 	 950
25 	 120
25 	 311
25 	 3919
25 	 1826
25 	 1136
25 	 2883
131 	 2049
131 	 429
131 	 1989
131 	 418
131 	 242
131 	 467
131 	 0
131 	 1887
131 	 2111
131 	 50
131 	 10
131 	 7
131 	 4022
131 	 85
131 	 96
131 	 457
131 	 527
131 	 404
131 	 46
131 	 417
131 	 43
131 	 30
131 	 1430
131 	 108
131 	 110
131 	 69
131 	 23
131 	 1022
131 	 466
131 	 12
131 	 156
131 	 950
131 	 1136
586 	 1418
586 	 2049
586 	 1924
586 	 0
586 	 50
586 	 514
586 	 302
586 	 84
586 	 30
586 	 1430
586 	 23
586 	 15
586 	 318
586 	 63
586 	 12
586 	 4358
582 	 4167
582 	 1061
582 	 429
582 	 2307
582 	 5034
582 	 0
582 	 357
582 	 302
582 	 457
582 	 1449
582 	 439
582 	 69
582 	 1185
582 	 23
582 	 32
582 	 15
582 	 3611
582 	 156
1846 	 3158
1846 	 128
1846 	 7
1846 	 23
1846 	 12
1846 	 156
1314 	 311
1314 	 21
1314 	 1591
1314 	 24
1314 	 254
1314 	 112
1314 	 398
1314 	 165
1314 	 13
1314 	 268
1970 	 388
1970 	 4629
1970 	 0
1970 	 10
1970 	 2239
1970 	 69
1970 	 1143
2341 	 291
2341 	 1246
2341 	 46
2341 	 2056
2341 	 2649
2341 	 2946
2751 	 2792
1632 	 373
1632 	 2880
1632 	 188
1632 	 89
1632 	 21
1632 	 2050
1632 	 25
1632 	 5878
1632 	 2
1632 	 318
1632 	 399
1933 	 2548
1933 	 5362
1933 	 1089
1933 	 5345
1767 	 97
1767 	 24
1767 	 125
1767 	 3111
1767 	 33
1767 	 744
10 	 2487
10 	 201
10 	 429
10 	 242
10 	 690
10 	 0
10 	 240
10 	 1887
10 	 557
10 	 50
10 	 552
10 	 849
10 	 60
10 	 3771
10 	 1076
10 	 4022
10 	 17
10 	 24
10 	 4501
10 	 363
10 	 145
10 	 534
10 	 457
10 	 1911
10 	 84
10 	 134
10 	 2
10 	 417
10 	 43
10 	 408
10 	 108
10 	 40
10 	 112
10 	 110
10 	 69
10 	 4062
10 	 184
10 	 23
10 	 32
10 	 15
10 	 127
10 	 165
10 	 198
10 	 13
10 	 691
10 	 12
10 	 1963
10 	 150
10 	 142
10 	 311
10 	 618
409 	 692
409 	 1061
409 	 60
409 	 17
409 	 96
409 	 110
409 	 69
409 	 184
409 	 23
409 	 32
409 	 15
409 	 318
409 	 33
409 	 142
409 	 268
409 	 1585
409 	 1136
409 	 491
1737 	 2487
1737 	 128
1737 	 38
1737 	 69
1737 	 12
436 	 4167
436 	 2578
436 	 906
436 	 14
436 	 128
436 	 1209
436 	 2719
436 	 0
436 	 2922
436 	 236
436 	 1076
436 	 145
436 	 302
436 	 537
436 	 22
436 	 69
436 	 15
436 	 45
1154 	 766
1154 	 1029
1154 	 24
1154 	 363
1154 	 96
1154 	 125
1154 	 40
1154 	 22
1154 	 69
1154 	 122
14 	 373
14 	 301
14 	 303
14 	 684
14 	 936
14 	 557
14 	 236
14 	 10
14 	 1410
14 	 60
14 	 3771
14 	 7
14 	 24
14 	 4501
14 	 718
14 	 381
14 	 527
14 	 167
14 	 404
14 	 417
14 	 408
14 	 30
14 	 108
14 	 40
14 	 589
14 	 110
14 	 127
14 	 198
14 	 56
14 	 3341
14 	 63
14 	 691
14 	 1022
14 	 33
14 	 12
14 	 1421
14 	 1963
14 	 45
14 	 618
295 	 718
295 	 882
295 	 0
295 	 240
295 	 50
295 	 39
295 	 213
295 	 17
295 	 24
295 	 302
295 	 457
295 	 404
295 	 1808
295 	 330
295 	 109
295 	 23
295 	 32
295 	 820
295 	 2362
295 	 311
295 	 1143
16 	 2049
16 	 503
16 	 418
16 	 14
16 	 2618
16 	 388
16 	 690
16 	 0
16 	 89
16 	 25
16 	 50
16 	 3771
16 	 7
16 	 202
16 	 1626
16 	 17
16 	 24
16 	 4501
16 	 361
16 	 85
16 	 381
16 	 2239
16 	 894
16 	 96
16 	 457
16 	 2175
16 	 2849
16 	 346
16 	 606
16 	 728
16 	 30
16 	 1122
16 	 22
16 	 3095
16 	 196
16 	 69
16 	 210
16 	 184
16 	 23
16 	 32
16 	 15
16 	 1129
16 	 198
16 	 569
16 	 820
16 	 744
16 	 311
16 	 1112
16 	 2883
41 	 1626
41 	 60
41 	 201
41 	 2644
41 	 2141
41 	 1209
41 	 690
41 	 188
41 	 1458
41 	 3738
41 	 4098
41 	 1591
41 	 7
41 	 39
41 	 17
41 	 24
41 	 85
41 	 483
41 	 102
41 	 84
41 	 30
41 	 112
41 	 22
41 	 110
41 	 196
41 	 4062
41 	 184
41 	 23
41 	 15
41 	 2649
41 	 107
41 	 150
41 	 311
41 	 1826
1514 	 503
1514 	 24
1514 	 381
1514 	 43
1514 	 22
1514 	 23
1514 	 56
1514 	 12
91 	 1989
91 	 373
91 	 303
91 	 10
91 	 849
91 	 60
91 	 3771
91 	 202
91 	 24
91 	 85
91 	 43
91 	 445
91 	 30
91 	 4321
91 	 589
91 	 109
91 	 22
91 	 1857
91 	 184
91 	 23
91 	 165
91 	 1849
91 	 2688
91 	 569
91 	 311
91 	 1833
3 	 586
3 	 201
3 	 429
3 	 4096
3 	 816
3 	 242
3 	 1672
3 	 188
3 	 1458
3 	 303
3 	 3483
3 	 240
3 	 1029
3 	 369
3 	 1563
3 	 257
3 	 60
3 	 357
3 	 7
3 	 1076
3 	 718
3 	 85
3 	 167
3 	 84
3 	 346
3 	 2738
3 	 408
3 	 30
3 	 108
3 	 537
3 	 125
3 	 589
3 	 112
3 	 22
3 	 110
3 	 210
3 	 32
3 	 624
3 	 127
3 	 243
3 	 4051
3 	 198
3 	 56
3 	 405
3 	 796
3 	 569
3 	 4
3 	 12
3 	 1421
3 	 1324
3 	 1676
3 	 1833
1701 	 323
1701 	 408
1701 	 125
1701 	 1293
1701 	 69
1701 	 243
1701 	 63
1701 	 12
1701 	 1037
1701 	 45
7 	 1753
7 	 197
7 	 1902
7 	 503
7 	 1209
7 	 303
7 	 1588
7 	 1606
7 	 658
7 	 240
7 	 684
7 	 2922
7 	 25
7 	 50
7 	 236
7 	 10
7 	 60
7 	 118
7 	 202
7 	 1076
7 	 213
7 	 17
7 	 416
7 	 167
7 	 245
7 	 84
7 	 417
7 	 30
7 	 38
7 	 841
7 	 112
7 	 22
7 	 4122
7 	 69
7 	 210
7 	 154
7 	 23
7 	 32
7 	 15
7 	 1129
7 	 198
7 	 56
7 	 13
7 	 88
7 	 63
7 	 466
7 	 12
7 	 1324
7 	 142
7 	 1871
7 	 814
7 	 122
1200 	 128
1200 	 357
1200 	 1076
1200 	 39
1200 	 167
1200 	 1449
1200 	 69
1200 	 687
1200 	 32
1200 	 15
1200 	 88
1200 	 33
55 	 1924
55 	 323
55 	 906
55 	 14
55 	 2548
55 	 1672
55 	 2366
55 	 0
55 	 25
55 	 10
55 	 42
55 	 257
55 	 60
55 	 357
55 	 118
55 	 39
55 	 145
55 	 381
55 	 47
55 	 527
55 	 84
55 	 2
55 	 4321
55 	 558
55 	 38
55 	 537
55 	 125
55 	 589
55 	 961
55 	 22
55 	 196
55 	 247
55 	 23
55 	 687
55 	 15
55 	 198
55 	 56
55 	 2688
55 	 88
55 	 4
55 	 820
55 	 1022
55 	 12
55 	 399
55 	 150
55 	 45
55 	 618
15 	 197
15 	 932
15 	 418
15 	 906
15 	 242
15 	 1038
15 	 128
15 	 301
15 	 0
15 	 1887
15 	 50
15 	 552
15 	 10
15 	 1563
15 	 60
15 	 213
15 	 17
15 	 24
15 	 363
15 	 534
15 	 527
15 	 1449
15 	 245
15 	 346
15 	 134
15 	 43
15 	 408
15 	 30
15 	 4321
15 	 108
15 	 4264
15 	 40
15 	 112
15 	 22
15 	 110
15 	 4122
15 	 69
15 	 247
15 	 23
15 	 32
15 	 15
15 	 127
15 	 243
15 	 56
15 	 13
15 	 850
15 	 4
15 	 691
15 	 33
15 	 466
15 	 12
15 	 1469
15 	 1833
15 	 618
49 	 586
49 	 1902
49 	 201
49 	 800
49 	 1693
49 	 1672
49 	 2264
49 	 7
49 	 17
49 	 24
49 	 718
49 	 363
49 	 381
49 	 302
49 	 84
49 	 346
49 	 2
49 	 445
49 	 38
49 	 40
49 	 232
49 	 112
49 	 22
49 	 110
49 	 398
49 	 4122
49 	 154
49 	 23
49 	 32
49 	 1129
49 	 243
49 	 56
49 	 318
49 	 12
49 	 45
49 	 142
49 	 1012
49 	 120
49 	 268
49 	 122
49 	 744
748 	 29
748 	 14
748 	 128
748 	 7
748 	 213
748 	 85
748 	 1287
748 	 112
748 	 69
748 	 23
748 	 15
748 	 127
748 	 56
748 	 261
748 	 12
748 	 45
69 	 323
69 	 373
69 	 14
69 	 388
69 	 97
69 	 357
69 	 7
69 	 118
69 	 251
69 	 24
69 	 145
69 	 47
69 	 245
69 	 84
69 	 134
69 	 43
69 	 4321
69 	 1287
69 	 125
69 	 112
69 	 22
69 	 110
69 	 210
69 	 154
69 	 23
69 	 127
69 	 56
69 	 13
69 	 569
69 	 466
69 	 12
69 	 744
69 	 618
69 	 834
1615 	 14
1615 	 0
1615 	 257
1615 	 398
1615 	 154
1615 	 15
1615 	 1849
1615 	 12
2642 	 14
2642 	 389
1 	 1524
1 	 201
1 	 323
1 	 242
1 	 128
1 	 1672
1 	 155
1 	 0
1 	 1606
1 	 240
1 	 1029
1 	 1887
1 	 369
1 	 21
1 	 50
1 	 1563
1 	 60
1 	 544
1 	 357
1 	 7
1 	 753
1 	 118
1 	 39
1 	 17
1 	 24
1 	 254
1 	 718
1 	 47
1 	 102
1 	 605
1 	 2143
1 	 245
1 	 84
1 	 3208
1 	 46
1 	 134
1 	 2
1 	 417
1 	 408
1 	 30
1 	 108
1 	 38
1 	 589
1 	 232
1 	 112
1 	 22
1 	 110
1 	 196
1 	 69
1 	 890
1 	 210
1 	 3109
1 	 32
1 	 127
1 	 1129
1 	 243
1 	 4051
1 	 56
1 	 1849
1 	 13
1 	 850
1 	 796
1 	 569
1 	 318
1 	 4
1 	 820
1 	 12
1 	 156
1 	 1469
1 	 1324
1 	 150
1 	 142
1 	 120
1 	 268
1 	 4872
1 	 3919
1 	 920
374 	 2978
374 	 388
374 	 0
374 	 60
374 	 2145
374 	 7
374 	 118
374 	 17
374 	 47
374 	 84
374 	 558
374 	 22
374 	 243
374 	 569
374 	 12
374 	 45
374 	 618
304 	 953
304 	 2537
304 	 1936
304 	 14
304 	 303
304 	 936
304 	 118
304 	 85
304 	 416
304 	 167
304 	 4264
304 	 110
304 	 33
304 	 1421
6 	 586
6 	 2545
6 	 29
6 	 906
6 	 2535
6 	 1373
6 	 188
6 	 1588
6 	 1029
6 	 369
6 	 936
6 	 25
6 	 50
6 	 695
6 	 10
6 	 357
6 	 1855
6 	 7
6 	 202
6 	 24
6 	 85
6 	 145
6 	 96
6 	 46
6 	 30
6 	 558
6 	 108
6 	 38
6 	 589
6 	 330
6 	 1122
6 	 22
6 	 110
6 	 196
6 	 3109
6 	 184
6 	 15
6 	 127
6 	 1129
6 	 243
6 	 56
6 	 13
6 	 850
6 	 4
6 	 820
6 	 3561
6 	 12
6 	 1469
6 	 268
6 	 744
6 	 1585
6 	 491
339 	 14
339 	 10
339 	 2792
339 	 42
339 	 357
339 	 85
339 	 2849
339 	 30
339 	 22
339 	 398
339 	 196
339 	 3109
339 	 184
339 	 243
339 	 198
339 	 4
339 	 820
339 	 107
339 	 1324
339 	 834
4 	 953
4 	 1524
4 	 429
4 	 2013
4 	 2131
4 	 673
4 	 418
4 	 906
4 	 14
4 	 2618
4 	 2392
4 	 2599
4 	 188
4 	 3738
4 	 1606
4 	 236
4 	 695
4 	 10
4 	 357
4 	 610
4 	 753
4 	 118
4 	 202
4 	 17
4 	 24
4 	 254
4 	 718
4 	 145
4 	 534
4 	 47
4 	 96
4 	 167
4 	 346
4 	 2
4 	 108
4 	 38
4 	 109
4 	 232
4 	 961
4 	 22
4 	 110
4 	 3095
4 	 210
4 	 3109
4 	 184
4 	 56
4 	 13
4 	 569
4 	 88
4 	 4
4 	 820
4 	 33
4 	 12
4 	 156
4 	 1469
4 	 399
4 	 1324
4 	 142
4 	 120
4 	 311
72 	 197
72 	 4389
72 	 953
72 	 418
72 	 1159
72 	 2548
72 	 0
72 	 936
72 	 10
72 	 42
72 	 753
72 	 39
72 	 24
72 	 514
72 	 254
72 	 1033
72 	 47
72 	 1911
72 	 3322
72 	 6073
72 	 2
72 	 38
72 	 40
72 	 232
72 	 154
72 	 247
72 	 15
72 	 127
72 	 243
72 	 56
72 	 13
72 	 88
72 	 4
72 	 148
72 	 691
72 	 33
72 	 12
72 	 142
72 	 814
72 	 1143
2008 	 14
2008 	 3716
2008 	 436
2008 	 0
2008 	 389
2008 	 1371
2008 	 25
2008 	 17
2008 	 112
2008 	 398
2008 	 15
2008 	 12
2008 	 5710
1827 	 1491
1827 	 1029
1827 	 84
1827 	 43
1827 	 40
1971 	 4944
1971 	 97
1971 	 33
632 	 1318
632 	 4300
632 	 579
632 	 0
632 	 369
632 	 50
632 	 42
632 	 2533
632 	 753
632 	 3056
632 	 96
632 	 134
632 	 40
632 	 624
632 	 405
632 	 13
632 	 63
632 	 5710
632 	 4592
632 	 834
2667 	 6002
2667 	 7
2667 	 154
989 	 2756
989 	 188
989 	 0
989 	 10
989 	 22
989 	 4062
989 	 23
989 	 687
989 	 107
5 	 201
5 	 429
5 	 4096
5 	 373
5 	 1921
5 	 690
5 	 188
5 	 1458
5 	 467
5 	 0
5 	 3483
5 	 60
5 	 357
5 	 4022
5 	 213
5 	 24
5 	 363
5 	 85
5 	 1911
5 	 527
5 	 167
5 	 404
5 	 84
5 	 3208
5 	 2028
5 	 46
5 	 2738
5 	 108
5 	 125
5 	 109
5 	 112
5 	 110
5 	 969
5 	 210
5 	 23
5 	 32
5 	 624
5 	 1849
5 	 405
5 	 2649
5 	 12
5 	 1963
5 	 2040
5 	 4583
5 	 1833
1040 	 242
1040 	 97
1040 	 4022
1040 	 24
1040 	 416
1040 	 40
1040 	 820
2674 	 84
2674 	 429
2674 	 24
2674 	 33
1112 	 503
1112 	 0
1112 	 291
1112 	 420
1112 	 7
1112 	 381
1112 	 2
1112 	 22
1112 	 12
2214 	 1563
2214 	 2056
2214 	 1585
2189 	 2366
2189 	 213
2189 	 363
2189 	 22
2189 	 4
2189 	 33
2189 	 45
1500 	 503
1500 	 388
1500 	 188
1500 	 0
1500 	 849
1500 	 357
1500 	 39
1500 	 85
1500 	 381
1500 	 43
1500 	 1515
1500 	 2649
1500 	 12
2240 	 5339
2240 	 373
2240 	 97
2240 	 2145
2240 	 1076
2240 	 167
2240 	 1531
2240 	 33
904 	 0
904 	 254
904 	 381
904 	 2
904 	 38
904 	 125
904 	 22
904 	 969
904 	 56
904 	 318
904 	 12
904 	 1037
904 	 2883
2164 	 5339
2164 	 373
2164 	 97
2164 	 167
2164 	 1531
2164 	 33
2227 	 14
2227 	 97
2227 	 118
2227 	 1849
2227 	 64
2699 	 416
2699 	 6152
1593 	 1924
1593 	 5292
1593 	 0
1593 	 60
1593 	 213
1593 	 416
1593 	 1808
1593 	 69
1593 	 45
2500 	 1887
2500 	 692
2500 	 1246
2500 	 392
2500 	 483
2500 	 43
2500 	 112
1578 	 5339
1578 	 373
1578 	 97
1578 	 167
1578 	 2059
1578 	 3297
1578 	 33
2600 	 936
2600 	 10
2266 	 1246
2266 	 46
2266 	 399
2708 	 3780
2708 	 167
1941 	 128
1941 	 301
1941 	 534
1941 	 13
1941 	 820
1941 	 12
1389 	 3465
1389 	 2141
1389 	 2548
1389 	 1029
1389 	 24
1389 	 416
1389 	 88
1389 	 6152
1389 	 3341
1389 	 2946
1389 	 1585
1389 	 618
2678 	 2264
2678 	 1410
2678 	 850
2327 	 2719
2327 	 84
2327 	 4264
2327 	 589
1196 	 155
1196 	 1588
1196 	 684
1196 	 10
1196 	 2788
1196 	 84
1196 	 69
1196 	 23
1196 	 3561
1196 	 12
1425 	 2578
1425 	 14
1425 	 3975
1425 	 579
1425 	 389
1425 	 5673
1425 	 604
1425 	 3780
1425 	 97
1425 	 102
1425 	 4358
1425 	 64
38 	 398
38 	 1418
38 	 586
38 	 128
38 	 388
38 	 3680
38 	 10
38 	 60
38 	 213
38 	 17
38 	 254
38 	 145
38 	 381
38 	 527
38 	 404
38 	 84
38 	 470
38 	 2
38 	 558
38 	 22
38 	 110
38 	 1857
38 	 23
38 	 15
38 	 56
38 	 405
38 	 850
38 	 569
38 	 438
38 	 1022
38 	 3561
38 	 12
38 	 1421
38 	 1469
38 	 45
38 	 142
38 	 1833
139 	 128
139 	 3963
139 	 25
139 	 291
139 	 695
139 	 7
139 	 251
139 	 1626
139 	 17
139 	 85
139 	 416
139 	 96
139 	 2
139 	 445
139 	 4321
139 	 4534
139 	 1287
139 	 112
139 	 22
139 	 890
139 	 23
139 	 15
139 	 127
139 	 165
139 	 198
139 	 56
139 	 2688
139 	 13
139 	 4
139 	 12
139 	 45
139 	 142
139 	 744
1487 	 1902
1487 	 2756
1487 	 24
1487 	 1449
1487 	 398
1487 	 15
1487 	 63
1487 	 12
1487 	 64
234 	 1491
234 	 128
234 	 155
234 	 1458
234 	 882
234 	 5673
234 	 21
234 	 60
234 	 17
234 	 381
234 	 1287
234 	 558
234 	 109
234 	 961
234 	 112
234 	 32
234 	 243
234 	 261
234 	 796
234 	 88
234 	 63
234 	 820
234 	 12
234 	 1469
234 	 150
234 	 1143
2567 	 4096
2567 	 1038
2567 	 467
2658 	 2849
289 	 1693
289 	 354
289 	 0
289 	 936
289 	 3720
289 	 118
289 	 251
289 	 17
289 	 24
289 	 4501
289 	 527
289 	 46
289 	 43
289 	 30
289 	 38
289 	 112
289 	 22
289 	 110
289 	 127
289 	 198
289 	 56
289 	 569
289 	 4
289 	 5315
289 	 12
2669 	 3716
2669 	 1089
1175 	 4167
1175 	 14
1175 	 128
1175 	 0
1175 	 22
1175 	 15
1175 	 3879
1175 	 569
1175 	 5167
163 	 800
163 	 4851
163 	 3904
163 	 242
163 	 1373
163 	 388
163 	 1588
163 	 1606
163 	 21
163 	 695
163 	 10
163 	 118
163 	 39
163 	 514
163 	 84
163 	 3208
163 	 2
163 	 606
163 	 30
163 	 1287
163 	 558
163 	 537
163 	 40
163 	 109
163 	 112
163 	 22
163 	 32
163 	 15
163 	 850
163 	 2683
163 	 569
163 	 820
163 	 33
163 	 12
163 	 1469
163 	 150
163 	 120
1485 	 29
1485 	 155
1485 	 695
1485 	 257
1485 	 39
1485 	 22
1485 	 398
1485 	 4
2270 	 128
2270 	 2028
2270 	 33
1523 	 2756
1523 	 0
1523 	 39
1523 	 167
1523 	 245
1523 	 84
1523 	 408
1523 	 38
1523 	 56
1523 	 13
657 	 2545
657 	 1318
657 	 14
657 	 2366
657 	 695
657 	 10
657 	 42
657 	 357
657 	 24
657 	 145
657 	 346
657 	 606
657 	 408
657 	 69
657 	 45
760 	 953
760 	 201
760 	 389
760 	 369
760 	 357
760 	 39
760 	 145
760 	 47
760 	 2028
760 	 112
760 	 243
760 	 796
760 	 63
760 	 12
760 	 491
158 	 953
158 	 1318
158 	 14
158 	 1373
158 	 579
158 	 0
158 	 50
158 	 695
158 	 42
158 	 60
158 	 2584
158 	 357
158 	 39
158 	 85
158 	 145
158 	 47
158 	 102
158 	 2
158 	 30
158 	 558
158 	 38
158 	 15
158 	 56
158 	 569
158 	 88
158 	 107
158 	 12
158 	 2105
158 	 3919
204 	 197
204 	 323
204 	 1318
204 	 128
204 	 0
204 	 936
204 	 25
204 	 257
204 	 118
204 	 17
204 	 85
204 	 47
204 	 2
204 	 38
204 	 232
204 	 3109
204 	 687
204 	 1129
204 	 4051
204 	 198
204 	 56
204 	 796
204 	 569
204 	 88
204 	 148
204 	 12
204 	 1469
204 	 1324
204 	 4134
204 	 920
204 	 834
2592 	 5673
2592 	 796
2592 	 64
892 	 323
892 	 673
892 	 1159
892 	 47
892 	 470
892 	 198
892 	 56
892 	 1849
892 	 88
892 	 63
892 	 12
892 	 64
892 	 1143
2363 	 3716
2363 	 558
2363 	 2707
1398 	 5602
1398 	 673
1398 	 1371
1398 	 357
1398 	 17
1398 	 145
1398 	 56
1398 	 3881
1398 	 12
1398 	 3919
1984 	 14
1984 	 673
1984 	 1944
1984 	 0
1984 	 254
1984 	 47
1984 	 38
1984 	 56
1984 	 88
1984 	 4
1984 	 920
955 	 800
955 	 1318
955 	 766
955 	 0
955 	 369
955 	 50
955 	 1555
955 	 357
955 	 39
955 	 416
955 	 483
955 	 2827
955 	 38
955 	 40
955 	 63
955 	 491
2515 	 429
2515 	 10
2515 	 118
2515 	 85
2160 	 3738
2160 	 118
2160 	 85
2059 	 673
2059 	 47
2059 	 167
2059 	 5345
2059 	 107
2719 	 552
2649 	 429
2649 	 84
2649 	 5453
2649 	 33
1059 	 197
1059 	 14
1059 	 766
1059 	 145
1059 	 408
1059 	 38
1059 	 112
1059 	 13
1059 	 120
1059 	 64
1059 	 1112
1291 	 197
1291 	 14
1291 	 303
1291 	 60
1291 	 39
1291 	 558
1291 	 398
1291 	 63
