0	0
0	1
0	2
1	3
1	4
1	5
1	6
2	7
2	8
2	9
3	10
3	11
4	12
4	13
5	4
5	6
5	14
5	15
6	16
6	17
6	18
7	19
7	20
8	1
8	21
8	22
9	23
9	24
9	25
9	26
10	27
10	28
10	29
11	30
11	31
11	32
11	33
11	34
11	35
12	36
12	37
12	38
13	39
13	40
14	41
14	42
15	43
15	44
15	45
16	46
17	47
17	48
17	49
17	50
17	51
18	52
18	53
18	54
19	55
19	56
19	57
20	1
20	58
20	59
21	60
21	61
22	62
22	63
22	64
23	65
23	66
24	67
24	68
25	69
25	70
25	71
25	72
25	73
25	74
25	75
25	76
26	68
26	77
27	78
27	79
27	80
28	81
28	82
28	83
28	84
29	85
29	86
29	87
30	88
30	89
30	90
31	71
31	73
31	75
31	91
32	92
32	93
32	94
33	95
33	96
33	97
33	98
33	99
34	100
34	101
34	102
35	103
35	104
35	105
36	106
36	107
36	108
36	109
37	110
37	111
37	112
37	113
38	114
38	115
38	116
39	117
39	118
39	119
40	120
40	121
40	122
41	123
41	124
41	125
41	126
42	30
42	32
42	127
42	128
43	73
43	129
43	130
43	131
43	132
44	133
44	134
44	135
44	136
45	137
45	138
45	139
45	140
45	141
46	115
46	142
47	143
48	49
48	144
48	145
49	146
49	147
49	148
50	149
50	150
50	151
51	1
51	152
51	153
51	154
52	81
52	155
52	156
52	157
52	158
53	159
53	160
54	161
54	162
54	163
54	164
54	165
55	166
55	167
55	168
55	169
56	170
56	171
57	172
57	173
58	81
58	174
58	175
59	176
59	177
60	178
60	179
60	180
60	181
61	182
61	183
62	184
62	185
62	186
63	187
63	188
63	189
63	190
63	191
63	192
64	193
64	194
64	195
65	196
65	197
65	198
66	81
66	199
66	200
66	201
66	202
66	203
67	69
67	204
67	205
67	206
67	207
68	208
68	209
68	210
69	211
69	212
70	213
70	214
70	215
70	216
71	99
71	217
71	218
72	219
72	220
73	221
73	222
73	223
73	224
74	30
74	32
74	225
75	128
75	226
75	227
75	228
76	72
76	81
76	84
76	229
76	230
77	231
77	232
77	233
78	234
78	235
79	236
79	237
80	101
80	238
80	239
80	240
81	241
81	242
81	243
82	244
82	245
82	246
83	247
83	248
83	249
83	250
84	133
84	136
84	251
84	252
85	72
85	253
85	254
85	255
86	256
86	257
86	258
86	259
87	260
87	261
87	262
87	263
88	264
88	265
89	106
89	266
89	267
90	268
90	269
90	270
91	271
91	272
91	273
92	274
92	275
92	276
93	30
93	228
93	277
93	278
93	279
94	246
94	280
95	95
95	99
95	281
95	282
95	283
96	284
96	285
96	286
97	129
97	287
97	288
97	289
97	290
97	291
97	292
98	293
98	294
99	295
99	296
99	297
100	298
100	299
100	300
100	301
100	302
101	9
101	303
102	304
102	305
103	306
103	307
104	308
104	309
104	310
105	311
105	312
105	313
106	314
106	315
106	316
106	317
106	318
106	319
107	320
107	321
107	322
107	323
107	324
108	325
108	326
109	327
110	328
110	329
110	330
110	331
110	332
110	333
111	334
111	335
111	336
112	337
112	338
113	339
113	340
113	341
113	342
114	30
114	228
114	277
114	343
114	344
114	345
114	346
114	347
114	348
114	349
114	350
115	127
115	351
115	352
115	353
115	354
115	355
115	356
116	313
116	357
116	358
116	359
116	360
117	361
117	362
117	363
117	364
118	365
118	366
118	367
118	368
118	369
118	370
119	46
120	371
120	372
120	373
121	9
121	303
122	129
122	374
123	375
123	376
123	377
123	378
124	379
124	380
124	381
124	382
124	383
124	384
125	385
125	386
125	387
125	388
125	389
126	325
126	326
126	390
127	391
127	392
127	393
127	394
128	395
128	396
128	397
128	398
129	399
129	400
129	401
129	402
129	403
130	404
130	405
130	406
130	407
131	408
132	409
132	410
133	411
133	412
133	413
133	414
133	415
133	416
134	417
134	418
135	419
135	420
135	421
135	422
136	423
136	424
136	425
137	426
137	427
138	428
138	429
138	430
139	431
139	432
139	433
139	434
139	435
140	436
140	437
140	438
140	439
141	440
141	441
141	442
142	443
142	444
142	445
143	405
143	407
143	446
144	447
145	448
145	449
145	450
146	451
146	452
146	453
147	454
147	455
148	445
148	456
148	457
149	458
149	459
149	460
149	461
150	462
150	463
150	464
151	465
151	466
152	467
152	468
152	469
152	470
152	471
153	472
153	473
153	474
154	448
154	450
154	475
155	476
155	477
155	478
156	479
156	480
156	481
156	482
157	483
157	484
158	464
158	485
158	486
159	487
159	488
160	489
160	490
160	491
161	492
161	493
161	494
162	464
162	495
162	496
162	497
163	498
164	499
164	500
164	501
164	502
164	503
165	504
165	505
165	506
166	507
166	508
166	509
166	510
167	445
167	511
167	512
168	513
168	514
168	515
169	432
169	433
169	434
169	516
170	517
170	518
170	519
171	520
171	521
171	522
171	523
171	524
172	518
172	525
172	526
173	429
173	430
173	527
174	528
174	529
174	530
174	531
175	146
175	147
175	532
175	533
175	534
176	23
176	535
176	536
177	537
177	538
177	539
177	540
177	541
178	72
178	211
178	542
178	543
178	544
179	49
179	51
179	153
179	545
180	236
180	546
180	547
181	81
181	532
181	548
181	549
182	19
182	20
183	339
183	550
183	551
184	366
184	368
184	552
185	553
185	554
185	555
185	556
186	60
186	61
187	106
187	107
187	557
187	558
188	72
188	75
188	559
189	75
189	560
190	77
191	6
191	92
191	561
191	562
192	563
192	564
192	565
192	566
192	567
193	36
193	568
193	569
194	570
194	571
194	572
195	188
195	191
195	573
196	264
197	574
197	575
197	576
198	577
198	578
199	143
199	579
199	580
200	1
200	22
200	152
201	581
201	582
201	583
202	584
202	585
202	586
203	587
203	588
203	589
204	590
204	591
204	592
204	593
205	594
205	595
206	72
206	596
206	597
206	598
207	16
207	17
207	599
208	73
208	74
208	166
208	167
208	600
209	115
209	561
209	562
210	125
210	126
210	601
211	351
211	352
212	81
212	230
212	602
213	128
213	226
213	228
214	603
214	604
214	605
215	81
215	84
216	253
216	606
217	607
217	608
218	609
219	69
219	73
219	74
219	600
220	30
220	610
221	127
221	147
221	611
221	612
221	613
222	614
222	615
223	616
223	617
223	618
223	619
224	391
224	618
224	620
224	621
224	622
225	170
225	623
225	624
226	129
226	625
226	626
227	627
227	628
228	629
228	630
229	7
229	12
229	631
230	182
230	632
230	633
231	634
231	635
231	636
231	637
232	178
232	638
233	1
233	21
233	152
234	6
234	92
234	639
234	640
235	641
235	642
236	121
236	643
236	644
237	645
237	646
237	647
238	552
239	648
239	649
240	89
240	650
241	651
241	652
241	653
241	654
242	1
242	152
242	655
243	562
243	656
243	657
244	253
244	658
244	659
245	81
245	660
246	273
246	661
246	662
246	663
246	664
247	665
247	666
248	166
248	167
249	311
249	667
249	668
250	669
251	670
251	671
251	672
252	188
252	673
252	674
253	675
253	676
253	677
253	678
254	81
254	181
254	548
254	679
254	680
255	172
255	681
255	682
255	683
255	684
256	375
256	376
256	685
256	686
257	117
257	119
257	687
258	167
258	688
258	689
259	690
259	691
259	692
260	339
260	693
261	72
261	129
261	694
261	695
261	696
262	172
262	697
263	211
263	698
264	253
264	255
264	699
264	700
265	36
265	701
265	702
265	703
266	222
266	704
267	73
267	166
267	600
267	689
268	244
268	245
268	246
269	129
269	255
269	273
269	705
269	706
269	707
270	708
270	709
270	710
271	711
271	712
271	713
271	714
272	554
272	556
272	715
273	716
273	717
273	718
273	719
274	720
274	721
274	722
274	723
275	724
275	725
275	726
276	651
276	727
276	728
277	351
277	354
277	729
277	730
277	731
277	732
277	733
278	734
278	735
278	736
278	737
278	738
278	739
278	740
278	741
279	77
279	742
279	743
280	744
280	745
281	72
281	73
281	746
281	747
282	669
282	748
282	749
283	590
283	591
283	592
283	593
284	750
284	751
285	182
285	752
285	753
285	754
285	755
285	756
285	757
285	758
286	316
286	318
286	759
287	760
287	761
287	762
287	763
288	159
288	210
288	764
288	765
289	749
289	766
289	767
289	768
289	769
290	770
290	771
291	772
291	773
292	774
292	775
292	776
293	455
293	777
293	778
294	501
294	779
294	780
295	781
295	782
296	476
296	478
296	783
296	784
296	785
297	786
297	787
297	788
297	789
298	790
298	791
298	792
299	517
299	518
299	793
300	794
300	795
300	796
301	496
301	797
301	798
301	799
301	800
301	801
301	802
302	491
302	803
302	804
303	805
303	806
303	807
304	437
304	439
304	808
304	809
305	810
305	811
305	812
305	813
305	814
306	432
306	815
306	816
306	817
306	818
307	819
307	820
307	821
307	822
308	823
308	824
308	825
308	826
309	827
309	828
309	829
309	830
310	202
310	831
310	832
310	833
310	834
311	835
311	836
311	837
312	838
312	839
313	448
313	449
313	450
313	475
313	840
314	841
314	842
315	491
315	843
315	844
316	845
316	846
316	847
317	834
317	848
317	849
317	850
318	487
318	488
319	851
319	852
319	853
319	854
319	855
320	856
320	857
321	858
321	859
322	455
322	777
322	860
323	861
323	862
324	448
324	449
324	450
324	863
325	539
325	864
325	865
325	866
325	867
325	868
326	21
326	539
326	869
326	870
326	871
326	872
327	539
327	668
328	72
328	626
329	626
329	714
329	727
329	873
329	874
330	208
330	875
330	876
331	170
331	877
331	878
332	879
332	880
333	881
333	882
334	143
334	579
334	883
335	67
335	884
335	885
336	886
336	887
336	888
337	30
337	33
337	228
337	277
338	889
338	890
339	891
339	892
339	893
339	894
340	215
340	895
340	896
340	897
340	898
341	215
341	895
341	896
341	899
341	900
342	901
342	902
342	903
342	904
342	905
343	906
343	907
344	908
344	909
344	910
345	102
345	607
345	911
345	912
345	913
346	161
346	162
346	164
346	165
347	52
347	53
348	16
348	17
348	59
348	870
348	914
349	560
349	760
349	915
350	916
350	917
351	106
351	107
351	918
351	919
352	920
352	921
352	922
352	923
352	924
352	925
353	607
353	926
353	927
353	928
354	125
354	929
355	72
355	228
355	695
355	930
356	760
356	762
356	931
356	932
356	933
357	560
357	760
357	934
357	935
358	936
358	937
358	938
358	939
359	81
359	181
359	597
359	940
360	92
360	562
360	941
360	942
360	943
361	944
361	945
361	946
362	947
362	948
362	949
363	950
363	951
363	952
364	574
364	575
364	576
365	28
365	953
366	149
366	954
366	955
367	81
367	660
367	956
367	957
367	958
367	959
368	960
368	961
368	962
369	589
370	918
370	963
370	964
371	746
371	965
371	966
372	72
372	596
372	597
373	92
373	115
374	166
374	167
374	689
375	101
375	967
376	760
376	935
376	968
377	179
377	969
377	970
377	971
378	62
378	369
379	95
379	97
379	99
379	972
379	973
380	681
380	682
381	974
381	975
381	976
381	977
382	264
382	978
383	979
384	196
384	197
385	980
385	981
386	982
387	264
387	983
388	984
388	985
388	986
389	159
389	210
390	566
390	987
390	988
391	65
391	989
392	221
392	222
392	223
392	704
393	990
393	991
393	992
394	72
394	81
394	229
394	230
395	993
395	994
396	246
396	995
396	996
396	997
397	630
397	998
397	999
398	1000
398	1001
398	1002
398	1003
399	81
399	82
399	83
399	84
400	81
400	84
400	143
401	1004
401	1005
401	1006
402	1007
402	1008
402	1009
403	1010
403	1011
403	1012
403	1013
404	167
404	1014
404	1015
404	1016
405	607
405	608
405	926
406	129
406	253
406	255
406	700
407	244
407	245
407	246
407	1017
408	1018
408	1019
408	1020
408	1021
409	1022
409	1023
409	1024
410	211
410	1025
410	1026
410	1027
410	1028
411	30
411	32
411	33
412	1029
412	1030
412	1031
413	1032
413	1033
413	1034
413	1035
413	1036
414	1037
414	1038
414	1039
415	391
415	392
415	394
415	1040
416	391
416	620
416	621
416	622
416	1041
417	339
417	341
417	1042
418	736
418	738
418	1043
418	1044
418	1045
419	1046
419	1047
419	1048
419	1049
419	1050
420	123
420	125
420	126
420	929
420	1051
420	1052
420	1053
421	129
421	374
422	1054
422	1055
422	1056
423	246
423	1057
423	1058
423	1059
424	311
424	312
424	623
424	667
425	1060
425	1061
425	1062
426	1063
426	1064
427	1065
427	1066
427	1067
428	626
429	304
429	1068
429	1069
429	1070
429	1071
430	165
430	1072
430	1073
430	1074
430	1075
430	1076
430	1077
431	107
431	558
431	696
431	1078
432	351
432	354
432	729
432	732
432	1079
432	1080
433	159
433	1081
434	107
434	1082
434	1083
434	1084
435	72
435	73
435	1085
436	49
437	339
438	1086
438	1087
439	1088
439	1089
439	1090
439	1091
440	417
440	418
441	525
441	1092
442	1093
442	1094
443	429
443	430
443	1095
444	429
444	1096
444	1097
444	1098
445	1099
445	1100
446	509
446	1101
446	1102
446	1103
446	1104
447	1105
447	1106
448	201
448	833
449	1107
449	1108
450	1109
450	1110
450	1111
450	1112
451	1113
451	1114
452	406
452	1115
452	1116
452	1117
452	1118
453	1119
453	1120
453	1121
454	834
454	1122
454	1123
454	1124
454	1125
455	466
455	1126
455	1127
456	1128
456	1129
456	1130
456	1131
456	1132
456	1133
457	1134
457	1135
457	1136
458	517
458	518
458	526
459	816
459	1137
459	1138
460	1139
460	1140
460	1141
460	1142
460	1143
461	448
461	840
461	1144
462	495
462	1145
463	795
463	1146
463	1147
464	863
464	1140
464	1141
464	1148
464	1149
465	1150
465	1151
465	1152
465	1153
466	1154
466	1155
466	1156
467	1157
467	1158
467	1159
467	1160
468	781
468	1161
469	517
469	518
469	1162
470	781
470	782
471	464
471	496
471	512
471	1163
471	1164
471	1165
471	1166
472	1167
472	1168
472	1169
472	1170
472	1171
473	1172
473	1173
473	1174
474	432
474	815
474	817
474	853
474	1139
474	1175
475	1176
475	1177
476	1178
476	1179
476	1180
477	507
477	510
477	1181
478	1182
478	1183
478	1184
478	1185
479	781
479	1186
480	1105
480	1106
480	1187
480	1188
481	1189
482	1190
482	1191
483	1192
483	1193
483	1194
484	1122
484	1195
484	1196
485	834
485	1122
485	1197
485	1198
486	1199
486	1200
486	1201
486	1202
486	1203
486	1204
486	1205
486	1206
486	1207
487	1105
487	1208
488	432
488	1179
488	1209
488	1210
489	1211
489	1212
489	1213
489	1214
489	1215
490	448
490	1094
490	1216
491	1217
491	1218
491	1219
491	1220
492	1142
492	1221
492	1222
493	1223
493	1224
494	445
494	1225
494	1226
495	476
495	784
495	1227
496	199
496	200
496	202
496	833
496	1228
497	1101
497	1229
498	842
498	1230
499	1231
499	1232
499	1233
499	1234
500	1235
500	1236
500	1237
500	1238
500	1239
500	1240
501	1241
501	1242
502	1243
502	1244
502	1245
502	1246
502	1247
503	1248
503	1249
503	1250
503	1251
503	1252
504	464
504	495
504	496
504	1145
504	1253
505	445
505	1254
506	1255
506	1256
506	1257
507	1101
507	1258
507	1259
508	1109
508	1260
508	1261
509	304
509	1262
509	1263
509	1264
509	1265
509	1266
509	1267
509	1268
509	1269
510	539
510	1270
511	626
511	714
511	1271
511	1272
512	178
512	180
512	181
512	1273
513	1274
513	1275
513	1276
513	1277
513	1278
514	1279
514	1280
515	555
515	1281
516	339
516	341
517	1
517	49
517	153
518	766
518	1282
518	1283
519	937
519	938
519	939
519	1284
520	147
520	1285
520	1286
520	1287
520	1288
521	624
521	1289
522	10
522	11
522	1290
522	1291
522	1292
523	532
523	549
523	1293
523	1294
524	255
524	1295
524	1296
524	1297
525	1298
525	1299
525	1300
526	692
526	1301
526	1302
526	1303
527	890
527	1304
527	1305
527	1306
528	1307
528	1308
528	1309
529	1310
529	1311
529	1312
530	1
530	1313
530	1314
530	1315
530	1316
530	1317
531	1318
532	568
532	1319
532	1320
533	916
533	917
534	53
534	1321
534	1322
535	81
535	175
535	1323
535	1324
536	1325
536	1326
536	1327
536	1328
536	1329
537	959
537	1330
537	1331
537	1332
538	68
538	77
538	766
539	577
539	760
539	1333
540	1334
540	1335
540	1336
541	1337
541	1338
541	1339
542	71
542	73
542	75
542	1340
543	246
543	280
543	1341
543	1342
543	1343
543	1344
544	1345
544	1346
545	1347
545	1348
545	1349
545	1350
545	1351
546	92
546	640
546	1352
546	1353
546	1354
546	1355
547	709
547	1356
547	1357
547	1358
547	1359
548	760
548	1360
549	30
549	32
549	1361
549	1362
549	1363
549	1364
550	133
550	136
550	1365
551	953
551	1366
552	1007
552	1367
553	143
554	23
554	1368
554	1369
554	1370
555	115
555	1371
555	1372
556	865
556	1371
556	1373
556	1374
556	1375
557	1376
558	49
558	153
558	154
559	81
559	158
559	1377
559	1378
560	454
560	1379
561	230
561	1380
561	1381
561	1382
561	1383
561	1384
562	81
562	157
562	1385
563	30
563	33
563	1386
564	73
564	74
564	965
564	966
564	1387
565	106
565	266
565	267
566	170
566	171
566	311
566	878
567	1388
568	144
568	1389
568	1390
568	1391
569	1392
569	1393
569	1394
570	1395
570	1396
571	937
571	939
571	1397
571	1398
572	62
572	63
572	64
573	81
573	84
573	1399
574	766
574	1072
575	95
575	99
575	972
575	1400
575	1401
576	1402
576	1403
577	1402
577	1403
578	209
578	1404
578	1405
578	1406
578	1407
579	560
579	1408
580	1409
580	1410
580	1411
580	1412
581	339
581	1413
582	41
582	1414
582	1415
583	30
583	32
583	1416
584	1417
584	1418
585	622
585	1419
585	1420
585	1421
586	1422
586	1423
586	1424
587	73
587	1340
587	1425
588	230
588	330
588	1426
588	1427
589	128
589	228
590	630
590	999
591	81
591	1428
591	1429
591	1430
592	1431
592	1432
593	1433
593	1434
593	1435
593	1436
594	21
594	22
594	1016
595	244
595	245
595	246
596	221
596	222
596	223
596	224
596	704
597	1437
597	1438
598	1439
598	1440
598	1441
599	1442
599	1443
599	1444
599	1445
600	216
600	900
600	918
600	1446
601	101
601	332
601	967
602	211
602	1447
603	73
603	166
603	1448
603	1449
604	1450
604	1451
604	1452
604	1453
605	1454
605	1455
605	1456
606	1457
606	1458
606	1459
606	1460
606	1461
607	712
607	714
607	1462
607	1463
608	12
608	1464
608	1465
609	1466
609	1467
609	1468
609	1469
610	70
610	75
610	1470
610	1471
610	1472
610	1473
610	1474
611	1066
611	1475
612	181
612	620
612	622
613	211
613	1476
613	1477
613	1478
614	1479
614	1480
614	1481
615	7
615	9
615	1482
615	1483
615	1484
615	1485
616	67
616	1486
616	1487
616	1488
616	1489
617	681
617	1490
617	1491
617	1492
617	1493
617	1494
617	1495
618	1056
618	1496
618	1497
618	1498
619	916
619	1499
619	1500
619	1501
620	593
620	1502
620	1503
621	133
621	1504
621	1505
621	1506
621	1507
622	561
622	1508
622	1509
622	1510
622	1511
622	1512
623	328
623	1513
623	1514
623	1515
623	1516
624	1517
624	1518
624	1519
625	1520
625	1521
625	1522
625	1523
626	1524
626	1525
626	1526
626	1527
627	990
627	1528
627	1529
628	391
628	621
628	1530
628	1531
629	1034
629	1532
629	1533
629	1534
629	1535
630	878
630	1536
630	1537
631	1058
631	1059
631	1538
631	1539
631	1540
632	1541
632	1542
632	1543
632	1544
633	1545
633	1546
633	1547
634	81
634	174
634	1548
634	1549
634	1550
635	312
635	313
635	1551
636	606
636	1552
636	1553
636	1554
637	1555
637	1556
638	43
638	1557
638	1558
638	1559
639	81
639	1140
639	1560
639	1561
639	1562
640	1046
640	1563
640	1564
640	1565
641	30
641	225
641	344
641	345
641	346
641	348
641	350
641	1386
642	129
642	1566
642	1567
642	1568
642	1569
642	1570
642	1571
643	1572
643	1573
643	1574
644	289
644	1575
644	1576
645	618
645	1419
645	1421
645	1577
645	1578
645	1579
646	107
646	1084
646	1580
646	1581
646	1582
647	129
647	289
647	292
647	1583
648	1221
648	1584
648	1585
649	418
649	1586
649	1587
649	1588
649	1589
650	1590
650	1591
650	1592
651	1593
651	1594
652	526
652	1543
652	1595
652	1596
652	1597
652	1598
652	1599
653	1600
653	1601
653	1602
653	1603
653	1604
653	1605
654	507
654	1606
654	1607
655	791
655	1608
656	858
656	1609
656	1610
657	1224
657	1611
658	1612
658	1613
658	1614
659	1615
659	1616
659	1617
659	1618
660	1619
660	1620
660	1621
660	1622
661	1623
661	1624
661	1625
661	1626
661	1627
661	1628
662	463
662	1629
662	1630
663	834
663	1631
663	1632
663	1633
664	1109
664	1634
664	1635
664	1636
665	1178
665	1637
665	1638
666	329
666	439
666	1639
666	1640
666	1641
666	1642
666	1643
666	1644
666	1645
666	1646
666	1647
667	823
667	1648
668	517
668	1649
668	1650
668	1651
669	461
669	501
669	1652
669	1653
669	1654
669	1655
670	1605
670	1656
670	1657
671	1658
671	1659
671	1660
671	1661
671	1662
671	1663
671	1664
671	1665
672	1128
672	1129
672	1130
672	1133
673	432
673	815
673	817
673	853
673	1139
673	1175
673	1666
674	1667
674	1668
674	1669
674	1670
675	1105
675	1106
675	1141
675	1208
675	1671
675	1672
676	1673
676	1674
676	1675
676	1676
677	1605
677	1677
678	935
678	1678
678	1679
678	1680
678	1681
679	1682
679	1683
679	1684
679	1685
680	608
680	918
680	1686
680	1687
680	1688
680	1689
681	1690
681	1691
681	1692
682	1693
682	1694
682	1695
682	1696
683	1697
683	1698
684	1699
684	1700
684	1701
685	170
685	313
685	1702
685	1703
685	1704
685	1705
685	1706
685	1707
685	1708
685	1709
685	1710
685	1711
686	72
686	1712
686	1713
686	1714
687	107
687	1084
687	1580
687	1715
688	1541
688	1542
688	1543
688	1716
689	43
689	1717
689	1718
690	107
690	1719
690	1720
690	1721
690	1722
690	1723
690	1724
691	307
691	1725
691	1726
692	304
692	1069
692	1071
692	1727
692	1728
693	1729
693	1730
693	1731
693	1732
693	1733
693	1734
693	1735
693	1736
693	1737
694	81
694	82
694	84
694	158
694	175
694	1561
694	1738
694	1739
695	1740
695	1741
695	1742
695	1743
696	1744
696	1745
696	1746
696	1747
696	1748
696	1749
697	299
697	351
697	352
697	1750
698	73
698	330
698	1425
698	1427
698	1751
698	1752
698	1753
699	24
699	539
699	1754
699	1755
700	1046
700	1756
700	1757
700	1758
701	1759
701	1760
701	1761
701	1762
701	1763
701	1764
701	1765
701	1766
701	1767
702	1768
702	1769
702	1770
703	72
703	1771
703	1772
703	1773
704	184
705	130
705	1774
705	1775
705	1776
706	368
706	1777
707	1352
708	181
708	622
708	1778
709	30
709	35
709	225
710	30
710	1364
710	1386
711	1779
711	1780
711	1781
712	1782
712	1783
713	1784
713	1785
713	1786
713	1787
714	249
714	250
715	1788
715	1789
716	1790
716	1791
717	14
717	1792
717	1793
718	1363
718	1794
719	1263
719	1795
720	209
720	1481
721	576
721	1796
721	1797
722	1798
722	1799
723	43
723	1800
723	1801
723	1802
723	1803
723	1804
723	1805
724	960
724	1806
724	1807
725	72
725	249
725	1808
726	196
726	1809
726	1810
726	1811
727	676
727	1812
728	87
728	149
728	1813
728	1814
729	1815
729	1816
730	1
730	1817
730	1818
730	1819
731	129
731	1820
732	1821
732	1822
732	1823
732	1824
733	0
733	1
733	174
734	560
734	1825
735	594
735	1826
736	532
736	549
736	1827
736	1828
737	43
737	560
737	654
737	1829
737	1830
737	1831
738	1832
738	1833
738	1834
739	1835
739	1836
739	1837
739	1838
739	1839
740	959
740	1332
741	1840
741	1841
741	1842
742	1843
742	1844
743	1845
743	1846
744	80
744	120
744	121
744	122
745	196
745	197
746	709
746	1359
746	1847
746	1848
746	1849
746	1850
747	1851
747	1852
747	1853
748	539
748	1270
748	1854
749	1855
750	230
750	1856
750	1857
750	1858
750	1859
750	1860
750	1861
751	69
751	204
751	205
751	207
751	1862
751	1863
752	1466
753	259
753	1864
753	1865
754	1866
754	1867
754	1868
755	1869
755	1870
755	1871
756	167
756	1872
756	1873
757	72
757	1874
758	188
758	1875
759	71
759	73
759	75
759	1340
759	1427
759	1876
760	1741
760	1877
760	1878
760	1879
760	1880
761	139
761	140
761	141
761	1881
762	1882
762	1883
762	1884
762	1885
762	1886
763	127
763	1887
763	1888
764	714
764	1889
765	270
765	723
765	1890
765	1891
766	178
766	1778
767	659
767	1892
768	246
768	744
768	1179
768	1341
768	1893
768	1894
769	221
769	222
769	1895
770	1896
770	1897
770	1898
770	1899
770	1900
771	73
771	166
771	1901
771	1902
772	6
772	1903
773	12
773	1904
773	1905
774	1906
774	1907
774	1908
774	1909
775	391
775	621
775	1910
775	1911
776	1912
777	1913
777	1914
777	1915
777	1916
778	1917
778	1918
779	166
779	1919
779	1920
780	154
780	958
780	1921
781	1308
781	1309
781	1427
782	1922
782	1923
782	1924
782	1925
783	230
783	330
783	1926
783	1927
783	1928
784	92
784	115
784	865
784	1371
785	1929
785	1930
785	1931
786	275
786	1733
786	1735
786	1932
787	211
787	1933
788	73
788	1934
788	1935
788	1936
788	1937
789	1938
789	1939
790	1940
790	1941
791	1942
791	1943
791	1944
792	602
792	1942
792	1945
792	1946
792	1947
793	537
793	541
793	1948
794	918
794	963
794	1446
794	1949
794	1950
795	1951
795	1952
795	1953
795	1954
795	1955
796	30
796	33
796	1956
797	215
797	1957
797	1958
797	1959
797	1960
797	1961
798	1962
798	1963
799	585
799	1964
800	1965
800	1966
800	1967
801	1968
801	1969
801	1970
802	1971
802	1972
803	1973
804	1974
804	1975
805	1976
805	1977
806	1978
807	1979
807	1980
808	1981
808	1982
809	1983
810	1984
810	1985
811	1986
811	1987
812	1988
813	1989
813	1990
813	1991
814	1992
815	1993
815	1994
815	1995
816	1996
816	1997
816	1998
817	1999
818	2000
819	2001
819	2002
819	2003
820	2004
821	2005
821	2006
822	2007
822	2008
823	2009
823	2010
824	2011
824	2012
824	2013
825	2014
825	2015
825	2016
825	2017
825	2018
825	2019
826	2020
826	2021
827	2022
828	2023
828	2024
829	2025
829	2026
829	2027
830	1971
830	2028
831	2029
831	2030
832	2031
832	2032
833	2033
834	1983
835	2034
836	2035
836	2036
836	2037
837	1998
837	2021
837	2038
837	2039
838	1509
838	2040
838	2041
839	2042
839	2043
839	2044
840	2045
841	81
841	1983
841	2046
842	2047
843	2048
843	2049
844	2050
844	2051
845	2052
845	2053
845	2054
845	2055
845	2056
846	2057
846	2058
847	2059
847	2060
848	2061
848	2062
849	2003
849	2063
849	2064
850	2065
850	2066
851	2012
851	2067
852	585
852	2068
852	2069
853	2070
853	2071
854	2072
854	2073
854	2074
855	2050
855	2075
855	2076
856	2077
856	2078
857	2079
857	2080
858	2081
858	2082
858	2083
859	2084
860	2085
861	1993
861	2086
862	2047
863	2087
863	2088
864	2089
865	584
865	2090
865	2091
866	2092
866	2093
867	2094
867	2095
868	1983
868	2096
868	2097
869	2098
869	2099
869	2100
870	2061
870	2101
871	1971
871	2102
872	2067
872	2103
873	1896
873	2104
873	2105
874	2106
875	2107
875	2108
876	1966
876	2109
877	1509
877	2017
877	2041
878	2110
878	2111
878	2112
879	2113
879	2114
880	1971
880	2115
881	2116
882	2022
882	2117
882	2118
882	2119
883	2120
883	2121
884	2122
884	2123
885	2124
886	2125
886	2126
887	2090
887	2127
887	2128
888	1509
888	2129
888	2130
889	2131
889	2132
890	2133
891	2134
892	2135
892	2136
892	2137
892	2138
892	2139
892	2140
893	2141
894	2142
894	2143
895	2088
895	2144
895	2145
896	2146
896	2147
897	2148
897	2149
898	2150
898	2151
898	2152
899	2148
899	2153
900	585
900	2117
900	2154
900	2155
901	2066
901	2156
901	2157
901	2158
902	1971
902	2115
903	2008
903	2159
904	2041
905	1999
906	2138
906	2160
907	2037
907	2161
908	2162
908	2163
908	2164
909	2165
909	2166
910	2167
911	2117
911	2168
911	2169
912	2169
912	2170
912	2171
913	2172
914	584
914	2173
915	72
915	2174
916	2117
916	2175
916	2176
917	1972
917	2177
917	2178
918	2179
919	584
919	1987
919	2180
919	2181
919	2182
920	2160
921	81
921	2183
922	2070
922	2184
923	2185
923	2186
924	2187
924	2188
925	2189
926	2021
926	2088
926	2190
926	2191
926	2192
927	2193
927	2194
927	2195
928	1971
928	2196
929	2138
929	2160
930	2176
930	2197
931	2176
931	2198
932	1999
932	2199
932	2200
932	2201
933	2066
933	2202
933	2203
933	2204
934	2205
934	2206
935	1971
935	2102
935	2207
936	72
936	2208
936	2209
936	2210
937	2078
937	2211
938	1986
938	2117
938	2212
938	2213
938	2214
939	2215
939	2216
940	2217
940	2218
941	1509
941	1992
941	2116
942	2017
942	2219
943	2147
943	2220
943	2221
944	2066
944	2169
945	1967
945	2141
945	2222
946	117
946	2223
946	2224
947	2142
947	2143
948	2225
949	2226
949	2227
950	2228
950	2229
951	2230
952	2231
953	2232
953	2233
954	2176
955	2234
955	2235
956	2236
956	2237
956	2238
957	2239
957	2240
957	2241
958	2090
958	2157
958	2168
958	2242
958	2243
958	2244
959	2245
959	2246
960	2245
960	2246
961	546
961	1992
962	2041
962	2129
962	2148
962	2189
962	2247
963	2176
963	2197
964	110
964	2248
964	2249
964	2250
965	2120
965	2251
965	2252
966	2117
966	2154
967	2031
967	2253
967	2254
968	2116
968	2255
969	72
969	249
969	2256
970	147
970	2257
970	2258
970	2259
971	2137
971	2160
971	2260
971	2261
971	2262
972	2137
972	2263
972	2264
972	2265
972	2266
973	2267
973	2268
973	2269
973	2270
974	2031
974	2254
974	2271
975	2012
975	2272
975	2273
976	2169
977	2274
977	2275
977	2276
978	584
978	1971
978	2127
978	2180
978	2181
978	2182
978	2277
978	2278
978	2279
978	2280
978	2281
978	2282
979	585
979	2102
979	2283
980	2284
980	2285
980	2286
981	585
981	2247
982	73
982	2287
982	2288
982	2289
982	2290
983	2137
983	2223
983	2224
983	2291
983	2292
983	2293
984	1980
984	2294
984	2295
985	2033
986	2267
986	2269
987	2013
987	2296
988	546
988	2297
988	2298
989	81
989	2299
990	2008
990	2300
991	2031
991	2301
991	2302
992	2087
992	2303
993	2141
993	2304
994	2108
994	2305
994	2306
995	2307
995	2308
995	2309
996	2310
996	2311
997	2161
997	2220
997	2312
997	2313
998	2012
998	2227
998	2272
999	2108
999	2314
999	2315
1000	147
1000	2316
1001	2317
1002	1509
1002	1757
1003	2318
1003	2319
1003	2320
1003	2321
1004	2322
1004	2323
1005	2308
1005	2309
1006	2088
1006	2191
1006	2324
1006	2325
1007	2125
1007	2326
1007	2327
1008	2220
1008	2328
1008	2329
1008	2330
1009	2182
1009	2331
1009	2332
1010	2333
1010	2334
1011	2112
1011	2335
1011	2336
1012	2337
1013	1759
1013	2088
1013	2145
1013	2338
1014	2008
1014	2115
1014	2300
1014	2339
1015	2067
1015	2340
1015	2341
1016	404
1016	2342
1016	2343
1016	2344
1016	2345
1016	2346
1016	2347
1016	2348
1016	2349
1017	2025
1017	2350
1017	2351
1018	2352
1019	2008
1019	2353
1020	2274
1020	2275
1020	2276
1020	2354
1021	1971
1021	2279
1021	2282
1022	2231
1022	2355
1023	2127
1023	2169
1024	864
1024	2356
1024	2357
1025	2154
1025	2310
1025	2311
1025	2358
1025	2359
1026	2031
1026	2170
1026	2360
1026	2361
1027	2069
1027	2362
1027	2363
1027	2364
1027	2365
1028	2196
1028	2366
1029	2367
1029	2368
1029	2369
1029	2370
1029	2371
1029	2372
1030	1987
1030	2119
1030	2373
1030	2374
1030	2375
1030	2376
1030	2377
1030	2378
1030	2379
1031	2031
1031	2361
1032	1971
1032	2380
1033	2046
1033	2381
1033	2382
1034	2383
1034	2384
1034	2385
1035	2127
1035	2386
1035	2387
1036	1564
1036	1996
1036	2250
1036	2388
1036	2389
1036	2390
1036	2391
1036	2392
1036	2393
1036	2394
1036	2395
1036	2396
1036	2397
1036	2398
1036	2399
1036	2400
1037	1971
1037	2331
1038	2067
1038	2310
1039	2131
1039	2144
1039	2401
1039	2402
1040	2401
1040	2402
1040	2403
1041	99
1041	711
1041	2404
1042	2347
1042	2348
1043	2405
1043	2406
1044	2127
1044	2407
1044	2408
1044	2409
1044	2410
1044	2411
1044	2412
1044	2413
1044	2414
1044	2415
1044	2416
1044	2417
1044	2418
1044	2419
1044	2420
1045	2421
1045	2422
1045	2423
1046	2424
1046	2425
1047	2031
1047	2426
1048	2170
1048	2427
1049	2154
1049	2173
1049	2356
1049	2358
1049	2428
1050	2122
1050	2429
1050	2430
1050	2431
1051	2195
1051	2432
1051	2433
1052	470
1052	2434
1053	2435
1053	2436
1054	2172
1054	2437
1054	2438
1054	2439
1054	2440
1055	585
1055	2102
1055	2441
1055	2442
1055	2443
1055	2444
1055	2445
1055	2446
1056	2447
1056	2448
1056	2449
1056	2450
1056	2451
1056	2452
1056	2453
1056	2454
1056	2455
1056	2456
1056	2457
1056	2458
1057	2459
1057	2460
1058	2031
1058	2461
1058	2462
1058	2463
1058	2464
1058	2465
1059	147
1059	2466
1060	2012
1060	2131
1060	2401
1060	2465
1060	2467
1060	2468
1060	2469
1061	73
1061	2470
1061	2471
1061	2472
1062	2356
1062	2473
1063	2474
1064	2355
1064	2475
1065	2191
1065	2476
1065	2477
1066	1564
1067	865
1067	1315
1067	1509
1067	2478
1068	2122
1068	2431
1068	2479
1069	2272
1069	2480
1069	2481
1069	2482
1070	2483
1071	178
1072	2484
1072	2485
1073	2046
1073	2381
1074	23
1074	725
1074	2486
1075	1759
1075	2338
1076	1509
1076	2487
1076	2488
1077	2008
1077	2489
1078	1759
1078	2490
1078	2491
1079	117
1079	2160
1080	1966
1080	2141
1081	228
1081	2492
1081	2493
1082	2066
1082	2171
1082	2494
1082	2495
1082	2496
1082	2497
1082	2498
1082	2499
1083	790
1083	2169
1083	2499
1083	2500
1083	2501
1083	2502
1083	2503
1083	2504
1084	2505
1084	2506
1084	2507
1084	2508
1084	2509
1085	2510
1086	2296
1086	2300
1086	2511
1087	2192
1087	2512
1088	2148
1088	2513
1088	2514
1088	2515
1089	371
1089	2220
1089	2329
1090	864
1090	2227
1090	2516
1091	2490
1091	2491
1092	2517
1092	2518
1092	2519
1093	2169
1093	2339
1094	241
1094	2520
1094	2521
1094	2522
1094	2523
1095	2032
1095	2524
1096	2031
1096	2525
1097	585
1097	2446
1098	2031
1098	2462
1098	2526
1099	2191
1099	2476
1099	2527
1100	72
1100	626
1100	2528
1101	2529
1101	2530
1101	2531
1102	2328
1102	2464
1103	2532
1103	2533
1103	2534
1104	2535
1104	2536
1104	2537
1104	2538
1105	2087
1105	2539
1105	2540
1105	2541
1105	2542
1106	2543
1106	2544
1106	2545
1106	2546
1106	2547
1106	2548
1106	2549
1107	73
1107	2471
1107	2472
1107	2550
1108	2301
1108	2551
1109	1034
1109	2547
1109	2552
1109	2553
1109	2554
1109	2555
1109	2556
1109	2557
1109	2558
1110	2296
1110	2300
1110	2338
1110	2511
1111	2046
1111	2381
1111	2559
1112	2560
1112	2561
1112	2562
1113	2172
1113	2563
1114	476
1114	509
1114	2003
1114	2564
1115	73
1115	129
1115	2565
1116	2435
1116	2566
1116	2567
1116	2568
1116	2569
1116	2570
1117	2160
1118	2031
1118	2526
1118	2571
1118	2572
1119	2191
1119	2357
1119	2573
1119	2574
1120	72
1120	626
1121	81
1121	2575
1122	2530
1122	2576
1123	376
1123	2485
1123	2577
1123	2578
1124	2046
1124	2579
1125	1509
1125	2377
1126	214
1126	2031
1126	2426
1127	2046
1127	2580
1128	584
1128	2581
1128	2582
1128	2583
1129	864
1129	2041
1129	2406
1130	2191
1130	2296
1130	2476
1131	236
1131	865
1131	2584
1131	2585
1132	2300
1132	2338
1132	2511
1133	2197
1133	2256
1134	2586
1134	2587
1134	2588
1134	2589
1134	2590
1134	2591
1135	1972
1135	2592
1135	2593
1135	2594
1136	2422
1136	2595
1136	2596
1136	2597
1136	2598
1136	2599
1136	2600
1136	2601
1137	2170
1137	2602
1137	2603
1138	2604
1138	2605
1138	2606
1138	2607
1138	2608
1138	2609
1139	73
1139	129
1139	253
1139	2610
1140	864
1140	866
1140	2478
1141	2471
1141	2611
1141	2612
1142	72
1142	626
1143	2223
1143	2224
1143	2613
1144	208
1144	2253
1144	2614
1145	99
1145	2337
1145	2615
1146	494
1146	2193
1146	2356
1146	2432
1146	2433
1146	2616
1147	2049
1147	2617
1147	2618
1148	2619
1148	2620
1148	2621
1149	211
1149	744
1149	2192
1149	2512
1150	1037
1150	1039
1150	2622
1150	2623
1151	2191
1151	2353
1151	2624
1152	2253
1152	2315
1152	2625
1153	2041
1153	2178
1153	2626
1153	2627
1154	156
1154	2338
1154	2628
1155	1719
1155	2328
1155	2406
1156	2148
1156	2357
1156	2629
1156	2630
1157	2131
1157	2631
1157	2632
1158	1966
1158	2633
1159	2170
1159	2499
1159	2634
1160	147
1160	532
1160	2635
1160	2636
1161	357
1161	2431
1162	241
1162	2521
1162	2637
1162	2638
1163	2122
1163	2430
1163	2639
1164	12
1164	2640
1164	2641
1165	676
1165	677
1166	2119
1166	2376
1166	2434
1166	2642
1167	864
1167	2472
1167	2643
1167	2644
1168	2645
1168	2646
1168	2647
1168	2648
1169	2122
1169	2330
1169	2649
1169	2650
1169	2651
1170	2652
1170	2653
1171	2654
1171	2655
1172	2656
1172	2657
1172	2658
1173	2659
1173	2660
1173	2661
1173	2662
1174	2663
1175	2664
1175	2665
1176	496
1176	2666
1176	2667
1176	2668
1177	2669
1177	2670
1178	509
1178	2671
1178	2672
1178	2673
1179	1104
1179	2674
1180	789
1180	2675
1180	2676
1180	2677
1181	2678
1181	2679
1181	2680
1181	2681
1182	1108
1182	2682
1182	2683
1182	2684
1182	2685
1183	1099
1183	2686
1184	2088
1184	2191
1184	2687
1184	2688
1185	476
1185	482
1185	2689
1185	2690
1185	2691
1186	1236
1186	2674
1186	2692
1186	2693
1186	2694
1187	1240
1187	2695
1188	2325
1188	2696
1189	2697
1189	2698
1190	2699
1191	420
1191	2700
1192	2701
1192	2702
1192	2703
1193	2704
1193	2705
1193	2706
1194	476
1194	2693
1194	2707
1194	2708
1195	2692
1195	2709
1196	423
1196	2708
1197	2099
1197	2352
1197	2710
1197	2711
1198	753
1198	2122
1198	2430
1199	2178
1199	2627
1199	2712
1199	2713
1199	2714
1200	2127
1200	2715
1201	784
1201	2169
1201	2503
1201	2716
1202	2148
1202	2717
1202	2718
1202	2719
1202	2720
1202	2721
1203	2127
1203	2722
1203	2723
1203	2724
1204	2049
1204	2725
1204	2726
1205	2115
1205	2446
1205	2514
1205	2638
1205	2715
1205	2727
1206	117
1206	2728
1206	2729
1207	2127
1207	2339
1207	2414
1207	2730
1208	2169
1208	2503
1209	864
1209	2041
1209	2406
1209	2477
1209	2731
1210	864
1210	2406
1210	2625
1211	951
1211	2732
1211	2733
1211	2734
1212	2735
1212	2736
1212	2737
1213	72
1213	73
1213	104
1213	273
1214	2738
1214	2739
1214	2740
1214	2741
1215	626
1216	2315
1216	2742
1216	2743
1217	2176
1217	2197
1217	2256
1217	2744
1217	2745
1217	2746
1218	2118
1218	2473
1218	2727
1218	2747
1219	2137
1219	2748
1219	2749
1219	2750
1219	2751
1219	2752
1219	2753
1219	2754
1220	2755
1220	2756
1220	2757
1220	2758
1221	2117
1221	2127
1221	2176
1221	2517
1221	2759
1221	2760
1221	2761
1222	2117
1222	2176
1222	2517
1222	2759
1222	2760
1222	2761
1222	2762
1222	2763
1223	2355
1223	2764
1224	2547
1224	2558
1224	2765
1225	2478
1225	2766
1225	2767
1226	73
1226	129
1226	253
1226	714
1226	2610
1227	2768
1228	1101
1228	1116
1228	1258
1229	2310
1229	2769
1230	2770
1230	2771
1231	1314
1231	2772
1231	2773
1231	2774
1232	1653
1232	2775
1232	2776
1233	1235
1233	2689
1233	2693
1233	2777
1233	2778
1234	1109
1234	2692
1234	2779
1235	1121
1235	2780
1236	508
1236	509
1236	2693
1236	2694
1236	2781
1237	1101
1237	1116
1237	2782
1238	1252
1238	2693
1238	2783
1238	2784
1238	2785
1239	2786
1239	2787
1239	2788
1239	2789
1239	2790
1240	2669
1240	2693
1241	2791
1241	2792
1241	2793
1241	2794
1242	432
1242	2795
1242	2796
1243	1252
1243	2003
1243	2697
1243	2797
1244	420
1244	2769
1244	2798
1244	2799
1244	2800
1245	2801
1245	2802
1245	2803
1246	2804
1246	2805
1246	2806
1247	1219
1247	2128
1248	2807
1249	1115
1249	2693
1249	2808
1249	2809
1250	2697
1250	2810
1251	2811
1251	2812
1251	2813
1252	2814
1252	2815
1252	2816
1252	2817
1253	753
1253	2478
1253	2818
1254	129
1254	2472
1254	2819
1255	2171
1255	2820
1255	2821
1256	72
1256	75
1256	696
1256	2822
1257	2823
1257	2824
1257	2825
1258	2561
1259	2193
1259	2826
1260	2827
1260	2828
1261	2046
1261	2829
1262	1759
1262	2830
1263	2401
1263	2831
1263	2832
1263	2833
1264	2145
1264	2191
1264	2353
1265	2191
1265	2489
1265	2536
1265	2834
1265	2835
1266	2434
1266	2836
1266	2837
1267	2031
1267	2838
1268	2315
1268	2487
1268	2839
1269	2361
1269	2840
1270	603
1270	2713
1270	2841
1270	2842
1270	2843
1271	2122
1271	2430
1271	2844
1272	603
1272	2259
1272	2713
1272	2845
1273	784
1273	2167
1273	2169
1273	2182
1274	509
1274	2338
1274	2624
1274	2846
1275	1785
1275	2315
1275	2831
1276	1774
1276	2847
1276	2848
1277	147
1277	534
1277	2849
1277	2850
1277	2851
1278	2852
1278	2853
1279	2854
1279	2855
1279	2856
1279	2857
1280	2117
1280	2657
1280	2858
1280	2859
1280	2860
1280	2861
1281	864
1281	2041
1281	2418
1281	2472
1281	2862
1281	2863
1281	2864
1281	2865
1281	2866
1281	2867
1281	2868
1282	2816
1282	2817
1282	2869
1282	2870
1283	2871
1283	2872
1283	2873
1284	2874
1284	2875
1285	2876
1286	420
1286	422
1286	2877
1287	2878
1288	2310
1288	2879
1288	2880
1289	445
1289	2881
1290	2882
1290	2883
1290	2884
1290	2885
1291	2886
1291	2887
1291	2888
1292	1116
1292	1258
1292	2782
1293	1252
1293	2697
1293	2889
1294	1541
1294	2697
1294	2810
1295	406
1295	496
1295	1115
1295	2693
1296	2276
1296	2890
1297	2891
1297	2892
1297	2893
1298	2801
1298	2894
1298	2895
1298	2896
1298	2897
1298	2898
1298	2899
1299	2900
1299	2901
1299	2902
1300	2697
1300	2698
1300	2903
1300	2904
1301	2905
1301	2906
1301	2907
1302	2908
1302	2909
1303	834
1303	1123
1303	2910
1303	2911
1304	2912
1304	2913
1304	2914
1304	2915
1305	2916
1305	2917
1305	2918
1306	781
1306	2919
1307	1115
1307	2920
1307	2921
1307	2922
1308	2669
1308	2923
1309	2921
1309	2924
1309	2925
1310	2809
1310	2926
1311	508
1311	509
1311	2927
1311	2928
1311	2929
1312	2003
1312	2797
1312	2904
1312	2930
1313	1104
1313	1236
1313	2689
1313	2693
1313	2931
1313	2932
1314	2933
1314	2934
1314	2935
1314	2936
1315	1236
1315	2693
1315	2808
1315	2937
1315	2938
1316	2785
1316	2939
1316	2940
1316	2941
1317	482
1317	2942
1317	2943
1317	2944
1318	2673
1318	2945
1318	2946
1318	2947
1318	2948
1318	2949
1319	464
1319	507
1319	2797
1319	2904
1319	2950
1320	2003
1320	2951
1320	2952
1320	2953
1321	2954
1321	2955
1321	2956
1321	2957
1321	2958
1322	496
1322	798
1322	1115
1322	2959
1322	2960
1323	508
1323	509
1323	1102
1323	2927
1323	2928
1324	2673
1324	2927
1324	2961
1324	2962
1325	479
1325	480
1325	481
1325	482
1325	510
1326	423
1326	424
1326	2963
1327	1239
1327	2876
1327	2964
1328	2965
1328	2966
1328	2967
1328	2968
1328	2969
1328	2970
1329	2663
1329	2971
1330	1176
1330	1200
1330	2972
1331	1639
1331	2973
1331	2974
1331	2975
1332	2770
1332	2771
1332	2797
1332	2927
1332	2976
1333	2790
1333	2977
1333	2978
1334	1543
1334	2310
1334	2928
1334	2979
1335	2697
1335	2810
1335	2980
1335	2981
1336	2982
1336	2983
1336	2984
1337	2985
1338	2801
1338	2895
1338	2986
1339	2666
1339	2987
1339	2988
1339	2989
1339	2990
1340	2936
1340	2991
1340	2992
1341	329
1341	439
1341	2993
1341	2994
1341	2995
1341	2996
1342	2997
1342	2998
1343	476
1343	1236
1343	2689
1343	2693
1343	2999
1343	3000
1344	509
1344	3001
1344	3002
1345	1099
1345	3003
1346	3004
1346	3005
1347	273
1347	661
1347	3006
1347	3007
1348	2310
1348	2878
1349	1240
1349	2689
1349	2692
1349	2693
1349	3008
1349	3009
1349	3010
1350	476
1350	3011
1350	3012
1351	1146
1351	1240
1351	2689
1351	3013
1352	3014
1352	3015
1353	2881
1354	1236
1354	2689
1354	2693
1354	3016
1354	3017
1354	3018
1354	3019
1354	3020
1355	2997
1355	3021
1355	3022
1356	1236
1356	2169
1356	2693
1356	2908
1356	2937
1356	3023
1357	1239
1357	2876
1357	2964
1357	3024
1358	3025
1358	3026
1358	3027
1358	3028
1359	480
1359	482
1360	287
1360	2807
1360	3029
1361	2924
1361	3030
1361	3031
1361	3032
1362	217
1362	2787
1362	3033
1363	2900
1363	2983
1363	3034
1363	3035
1364	3000
1364	3036
1364	3037
1365	3038
1365	3039
1366	2790
1366	2977
1366	2978
1367	1119
1367	1139
1367	1140
1368	1101
1368	1258
1368	3040
1369	1109
1369	3041
1369	3042
1369	3043
1370	3044
1370	3045
1370	3046
1370	3047
1370	3048
1370	3049
1371	3050
1371	3051
1371	3052
1371	3053
1371	3054
1371	3055
1372	585
1372	2169
1372	2634
1372	2689
1373	2674
1373	3056
1374	1236
1374	2693
1374	3057
1375	2521
1375	3058
1376	3059
1376	3060
1377	3061
1377	3062
1377	3063
1378	585
1378	2169
1378	2353
1378	2634
1378	2689
1378	3064
1378	3065
1378	3066
1378	3067
1379	544
1379	2585
1379	3068
1379	3069
1380	1094
1380	1296
1380	2760
1380	3070
1381	2603
1381	3071
1381	3072
1382	3073
1382	3074
1383	2478
1383	3075
1384	2328
1384	2529
1384	3076
1385	208
1385	750
1385	2253
1385	3077
1386	1480
1386	3078
1386	3079
1387	3080
1387	3081
1387	3082
1388	710
1388	2737
1388	3083
1388	3084
1388	3085
1389	115
1389	1509
1389	3086
1390	1435
1390	3087
1391	3088
1391	3089
1391	3090
1391	3091
1391	3092
1391	3093
1391	3094
1392	864
1392	2406
1392	2643
1393	2041
1393	2489
1393	2627
1393	3095
1393	3096
1394	3097
1394	3098
1394	3099
1394	3100
1395	2099
1395	2866
1395	3101
1396	2701
1396	3102
1396	3103
1396	3104
1396	3105
1396	3106
1397	1037
1397	1039
1397	3107
1397	3108
1398	585
1398	2291
1398	3109
1398	3110
1398	3111
1399	3112
1399	3113
1399	3114
1399	3115
1399	3116
1400	72
1400	229
1401	784
1401	2764
1401	3117
1402	864
1402	2406
1402	3118
1403	3119
1404	2342
1404	2531
1404	3120
1404	3121
1404	3122
1404	3123
1404	3124
1405	147
1405	3125
1405	3126
1406	2331
1406	3127
1406	3128
1407	1971
1407	3129
1407	3130
1407	3131
1408	2536
1408	3132
1408	3133
1408	3134
1408	3135
1408	3136
1409	3137
1409	3138
1409	3139
1410	3140
1410	3141
1410	3142
1410	3143
1410	3144
1411	3145
1411	3146
1411	3147
1412	3148
1412	3149
1412	3150
1412	3151
1413	753
1413	2478
1413	2514
1413	3152
1413	3153
1413	3154
1414	3155
1414	3156
1415	2529
1415	3157
1415	3158
1415	3159
1416	2514
1416	3154
1416	3160
1416	3161
1416	3162
1416	3163
1416	3164
1417	3165
1417	3166
1417	3167
1417	3168
1417	3169
1418	1719
1418	2328
1418	3170
1419	2871
1419	2873
1419	2930
1419	3011
1419	3171
1420	1236
1420	2693
1420	3172
1421	2692
1421	2708
1421	3173
1422	1541
1422	1543
1422	2663
1422	3174
1422	3175
1422	3176
1423	1101
1423	1116
1423	3177
1423	3178
1423	3179
1424	1104
1424	1249
1424	1250
1424	1252
1425	1101
1425	1116
1425	3177
1425	3178
1426	3180
1426	3181
1426	3182
1427	406
1427	496
1427	1115
1427	2946
1427	2960
1427	3183
1428	3184
1428	3185
1429	3186
1430	2876
1430	3184
1430	3187
1430	3188
1431	2689
1431	2693
1431	3189
1432	1101
1432	3040
1433	2930
1433	3190
1434	3191
1434	3192
1435	2770
1435	2771
1435	2920
1435	3193
1435	3194
1436	3195
1436	3196
1436	3197
1436	3198
1437	2951
1437	2952
1437	3199
1438	200
1438	201
1438	3200
1438	3201
1439	1109
1439	1150
1439	1151
1439	1635
1439	3202
1439	3203
1440	1653
1440	2776
1440	3204
1440	3205
1441	2338
1441	3206
1441	3207
1441	3208
1442	1200
1442	3209
1442	3210
1442	3211
1443	3011
1443	3212
1444	476
1444	2690
1444	2693
1444	2999
1444	3213
1445	1314
1445	2697
1445	3214
1445	3215
1445	3216
1446	2697
1446	3214
1446	3217
1447	2900
1447	2983
1447	3218
1447	3219
1447	3220
1448	2345
1448	3010
1448	3221
1448	3222
1448	3223
1449	2689
1449	3000
1449	3010
1449	3067
1449	3224
1450	2797
1450	2904
1450	3225
1450	3226
1450	3227
1451	1610
1452	3228
1452	3229
1452	3230
1452	3231
1453	2672
1453	3232
1453	3233
1454	1119
1454	1120
1454	1233
1455	2881
1455	3234
1455	3235
1455	3236
1456	2041
1456	2866
1456	2868
1456	3237
1456	3238
1456	3239
1456	3240
1457	2478
1457	3152
1457	3241
1457	3242
1457	3243
1458	2637
1458	3244
1459	3245
1459	3246
1460	142
1460	1509
1460	3247
1460	3248
1461	696
1461	2491
1461	2828
1461	3063
1461	3249
1462	2814
1462	3096
1462	3250
1462	3251
1463	371
1463	2330
1463	3252
1464	1966
1464	3148
1464	3253
1464	3254
1465	2194
1465	3255
1465	3256
1466	3257
1466	3258
1466	3259
1466	3260
1467	2122
1467	2430
1467	3261
1467	3262
1468	2353
1468	3080
1469	207
1469	3263
1470	2716
1470	3264
1470	3265
1470	3266
1471	404
1471	2291
1471	3267
1472	1922
1472	2835
1472	2836
1473	1966
1473	2022
1473	3148
1473	3254
1474	2418
1474	3268
1475	73
1475	2737
1475	3083
1476	2713
1476	3079
1476	3269
1477	107
1477	3270
1478	2468
1478	3271
1478	3272
1479	2193
1479	2294
1479	3273
1479	3274
1479	3275
1480	603
1480	604
1481	585
1481	3276
1482	222
1482	3073
1482	3277
1482	3278
1483	2227
1483	3279
1483	3280
1484	753
1484	3152
1484	3241
1484	3242
1484	3281
1484	3282
1485	1965
1485	3283
1486	2736
1486	3284
1486	3285
1486	3286
1486	3287
1487	574
1487	575
1487	576
1487	3288
1488	1482
1488	2629
1488	3289
1488	3290
1488	3291
1488	3292
1489	3293
1489	3294
1489	3295
1490	2654
1490	2655
1490	3296
1490	3297
1491	3298
1492	1037
1492	1038
1492	1039
1492	2623
1492	3299
1492	3300
1492	3301
1492	3302
1492	3303
1493	293
1493	3304
1493	3305
1493	3306
1494	2827
1494	3307
1494	3308
1494	3309
1494	3310
1495	2760
1495	3311
1495	3312
1495	3313
1495	3314
1495	3315
1495	3316
1496	2833
1496	3317
1496	3318
1496	3319
1496	3320
1496	3321
1496	3322
1496	3323
1497	3324
1497	3325
1498	2547
1498	3326
1498	3327
1498	3328
1498	3329
1498	3330
1498	3331
1499	1037
1499	1038
1499	1039
1499	2623
1499	3300
1499	3301
1499	3302
1500	619
1500	3332
1501	2117
1501	3170
1501	3333
1501	3334
1502	2482
1502	2531
1502	3335
1502	3336
1502	3337
1503	2760
1503	3338
1504	2693
1504	2801
1504	3339
1504	3340
1504	3341
1504	3342
1505	405
1505	407
1505	2946
1505	2947
1505	3042
1505	3343
1506	1541
1506	1543
1506	2372
1506	2663
1506	3174
1506	3176
1506	3344
1506	3345
1507	3346
1507	3347
1507	3348
1507	3349
1507	3350
1508	3351
1508	3352
1508	3353
1508	3354
1509	2786
1509	3355
1509	3356
1509	3357
1509	3358
1509	3359
1510	2884
1510	3360
1510	3361
1511	2983
1511	3034
1511	3219
1511	3220
1511	3362
1511	3363
1511	3364
1511	3365
1511	3366
1511	3367
1511	3368
1511	3369
1512	427
1512	3370
1512	3371
1513	2924
1513	3030
1513	3031
1513	3032
1514	453
1514	3372
1515	3373
1515	3374
1515	3375
1516	2770
1516	3193
1516	3194
1516	3376
1516	3377
1517	2693
1517	2879
1517	3000
1517	3008
1517	3378
1518	1109
1518	3203
1518	3379
1518	3380
1519	2689
1519	2693
1519	3172
1519	3378
1519	3381
1519	3382
1519	3383
1520	2674
1520	3384
1521	2674
1521	3056
1522	853
1522	3385
1522	3386
1522	3387
1523	496
1523	2904
1523	2946
1523	3183
1523	3388
1523	3389
1524	1258
1524	2689
1524	2693
1524	3000
1524	3010
1524	3390
1525	3391
1525	3392
1525	3393
1526	2674
1526	3056
1526	3394
1527	2674
1527	2904
1527	3395
1527	3396
1527	3397
1528	1176
1528	1200
1528	2927
1528	3398
1528	3399
1528	3400
1529	3218
1529	3401
1529	3402
1529	3403
1529	3404
1529	3405
1530	329
1530	3406
1530	3407
1531	3184
1531	3187
1531	3188
1531	3408
1531	3409
1532	2663
1532	2908
1532	2971
1532	3185
1532	3410
1533	2936
1533	2991
1533	3411
1533	3412
1534	3413
1535	1122
1535	1195
1535	1196
1536	509
1536	1101
1536	1103
1536	1104
1537	1109
1537	3203
1537	3414
1538	476
1538	3415
1539	951
1539	3416
1539	3417
1539	3418
1540	2178
1540	2627
1540	3419
1540	3420
1541	3421
1541	3422
1541	3423
1542	2406
1542	2477
1542	3424
1543	73
1543	600
1543	3425
1544	2627
1544	2712
1544	3426
1544	3427
1544	3428
1545	339
1545	809
1545	3429
1545	3430
1546	2191
1546	3431
1546	3432
1547	272
1547	273
1547	3433
1548	81
1548	532
1548	549
1549	385
1549	386
1549	3434
1549	3435
1550	2381
1550	3436
1550	3437
1551	2178
1551	3438
1551	3439
1552	2321
1552	3440
1553	3336
1553	3441
1553	3442
1553	3443
1554	2632
1554	3444
1554	3445
1555	2834
1555	3446
1555	3447
1556	2406
1556	2657
1556	3448
1557	2760
1557	3311
1557	3312
1557	3313
1557	3314
1557	3315
1557	3316
1558	2489
1558	2627
1558	3449
1558	3450
1559	2161
1559	3451
1560	3452
1560	3453
1560	3454
1561	3455
1561	3456
1562	3457
1562	3458
1562	3459
1563	2344
1563	3460
1563	3461
1564	129
1564	132
1564	374
1564	3462
1565	2530
1565	3463
1565	3464
1565	3465
1566	3110
1566	3466
1566	3467
1567	585
1567	1817
1567	2462
1567	3071
1567	3468
1567	3469
1568	73
1568	1340
1568	1448
1568	3083
1568	3470
1569	399
1569	3471
1569	3472
1570	2182
1570	2637
1570	3473
1571	2118
1571	3474
1572	712
1572	714
1572	873
1572	2178
1572	3251
1573	2178
1573	2713
1573	3096
1573	3475
1574	3476
1574	3477
1574	3478
1575	2032
1575	3479
1575	3480
1575	3481
1575	3482
1575	3483
1576	784
1576	2764
1576	3484
1577	784
1577	2066
1577	2764
1577	3485
1578	2041
1578	2866
1578	3486
1579	2559
1579	2622
1579	3334
1579	3487
1580	2646
1580	3488
1580	3489
1580	3490
1581	1
1581	152
1581	2499
1581	3468
1581	3491
1582	3492
1582	3493
1582	3494
1582	3495
1582	3496
1582	3497
1583	72
1583	3092
1583	3498
1583	3499
1583	3500
1584	2854
1584	2855
1584	2857
1584	3501
1585	2763
1585	3284
1585	3502
1585	3503
1585	3504
1586	2037
1586	3505
1586	3506
1586	3507
1586	3508
1587	2522
1587	3509
1587	3510
1587	3511
1587	3512
1588	3152
1588	3282
1588	3513
1589	3514
1589	3515
1589	3516
1590	2446
1590	2657
1590	3333
1590	3479
1590	3517
1590	3518
1590	3519
1591	2267
1591	3520
1591	3521
1591	3522
1591	3523
1592	2434
1592	2711
1592	3472
1592	3524
1592	3525
1593	117
1593	119
1593	687
1593	3526
1593	3527
1593	3528
1594	2231
1594	3529
1594	3530
1594	3531
1595	3532
1595	3533
1595	3534
1596	2530
1596	3257
1596	3463
1596	3464
1596	3535
1596	3536
1596	3537
1596	3538
1596	3539
1596	3540
1597	73
1597	74
1597	1085
1597	1340
1597	1448
1597	3425
1597	3541
1598	2536
1598	3542
1599	129
1599	132
1599	374
1599	603
1600	3543
1600	3544
1600	3545
1600	3546
1600	3547
1601	2847
1601	3548
1601	3549
1602	2031
1602	3550
1602	3551
1602	3552
1603	3553
1604	133
1604	134
1604	136
1604	696
1604	3554
1605	2593
1605	3555
1605	3556
1605	3557
1605	3558
1606	3559
1607	2530
1607	3560
1608	2716
1608	3485
1608	3561
1609	494
1609	3562
1610	3547
1610	3563
1610	3564
1610	3565
1610	3566
1611	334
1611	335
1611	3567
1612	3068
1612	3568
1612	3569
1612	3570
1613	3571
1613	3572
1613	3573
1613	3574
1613	3575
1613	3576
1613	3577
1613	3578
1613	3579
1614	3572
1614	3574
1614	3576
1614	3577
1614	3578
1614	3579
1614	3580
1615	2521
1615	3581
1615	3582
1616	117
1616	687
1616	3451
1616	3527
1616	3583
1616	3584
1617	3585
1617	3586
1617	3587
1617	3588
1618	255
1618	574
1618	575
1618	695
1618	3589
1619	864
1619	2529
1619	3590
1619	3591
1620	90
1620	1987
1620	2632
1621	3257
1621	3337
1621	3592
1622	222
1622	3073
1622	3593
1622	3594
1622	3595
1623	2331
1623	3596
1623	3597
1624	1840
1624	1841
1624	2178
1624	3598
1624	3599
1625	129
1625	603
1625	3068
1625	3568
1625	3600
1626	2161
1626	3532
1627	2624
1627	3601
1628	222
1628	3594
1628	3602
1629	3547
1629	3603
1629	3604
1630	2710
1630	3542
1630	3605
1630	3606
1631	2634
1631	3607
1631	3608
1631	3609
1631	3610
1631	3611
1632	2846
1632	3612
1633	130
1633	951
1633	3613
1634	2723
1634	2838
1634	3614
1635	864
1635	3615
1635	3616
1636	585
1636	3071
1636	3469
1636	3617
1637	1785
1637	2644
1637	2868
1637	3618
1637	3619
1638	1784
1638	1785
1638	1786
1638	3620
1638	3621
1639	132
1639	450
1639	695
1639	3622
1639	3623
1640	544
1640	864
1640	2178
1640	3095
1641	2521
1641	3624
1641	3625
1642	3626
1643	3627
1643	3628
1643	3629
1644	539
1644	1817
1644	2514
1644	3630
1644	3631
1645	3632
1645	3633
1645	3634
1645	3635
1645	3636
1645	3637
1645	3638
1645	3639
1646	3640
1646	3641
1646	3642
1647	3643
1647	3644
1647	3645
1647	3646
1647	3647
1647	3648
1648	3649
1648	3650
1648	3651
1648	3652
1648	3653
1648	3654
1648	3655
1648	3656
1648	3657
1648	3658
1648	3659
1648	3660
1648	3661
1648	3662
1648	3663
1648	3664
1649	3665
1649	3666
1649	3667
1649	3668
1650	2182
1650	2761
1650	3669
1650	3670
1650	3671
1650	3672
1650	3673
1651	2108
1651	2765
1651	3674
1651	3675
1652	3316
1652	3676
1652	3677
1652	3678
1653	2547
1653	3679
1654	3680
1654	3681
1654	3682
1655	3683
1655	3684
1655	3685
1656	2547
1656	3327
1656	3330
1656	3331
1656	3686
1657	3145
1657	3687
1657	3688
1658	3476
1658	3478
1658	3689
1658	3690
1659	2536
1659	3691
1659	3692
1659	3693
1659	3694
1660	3102
1660	3210
1660	3695
1660	3696
1660	3697
1661	73
1661	1425
1661	1935
1661	1936
1661	3083
1661	3698
1661	3699
1662	2063
1662	2182
1662	2938
1662	3700
1662	3701
1662	3702
1662	3703
1662	3704
1663	2547
1663	3679
1663	3705
1664	3273
1664	3706
1664	3707
1664	3708
1664	3709
1664	3710
1665	3548
1665	3711
1665	3712
1665	3713
1666	3714
1666	3715
1666	3716
1666	3717
1667	3718
1667	3719
1667	3720
1667	3721
1668	50
1668	682
1668	3722
1669	3723
1669	3724
1669	3725
1669	3726
1669	3727
1669	3728
1670	3729
1670	3730
1670	3731
1670	3732
1671	2161
1672	142
1672	1509
1672	1757
1672	3733
1673	2357
1673	3734
1674	2182
1674	3735
1675	2066
1675	2355
1675	2475
1675	3531
1675	3736
1675	3737
1675	3738
1675	3739
1675	3740
1676	2127
1676	2722
1676	2723
1676	3741
1677	3742
1678	3743
1678	3744
1679	211
1680	2490
1680	2491
1680	3249
1680	3502
1680	3745
1681	2353
1681	3695
1682	864
1682	2041
1682	2472
1682	2731
1683	864
1683	2472
1683	2643
1683	2644
1684	3145
1684	3746
1685	2418
1685	3747
1686	2041
1686	2867
1687	23
1687	3748
1687	3749
1688	1719
1688	2328
1689	3750
1689	3751
1690	1983
1690	3284
1690	3752
1690	3753
1690	3754
1690	3755
1690	3756
1690	3757
1690	3758
1691	2853
1691	3759
1692	335
1692	2025
1692	3324
1692	3466
1693	2471
1693	2472
1693	2857
1693	3760
1693	3761
1694	73
1694	129
1694	2472
1695	710
1695	2735
1695	2737
1695	3762
1696	864
1696	866
1696	3763
1697	2191
1697	2353
1697	2489
1697	2835
1697	3764
1698	3700
1699	2118
1699	3765
1700	2037
1700	3766
1701	3767
1701	3768
1702	2176
1703	2297
1703	3061
1703	3711
1704	1971
1704	2734
1704	3769
1704	3770
1704	3771
1704	3772
1705	3773
1705	3774
1705	3775
1705	3776
1705	3777
1705	3778
1705	3779
1705	3780
1705	3781
1706	3742
1706	3782
1707	2333
1707	3783
1707	3784
1707	3785
1708	554
1708	556
1708	2178
1708	3786
1708	3787
1708	3788
1709	2148
1709	3789
1709	3790
1710	2022
1710	3791
1710	3792
1710	3793
1710	3794
1710	3795
1710	3796
1711	3351
1711	3797
1711	3798
1712	3799
1712	3800
1712	3801
1713	23
1713	2357
1713	2570
1713	3734
1713	3802
1713	3803
1713	3804
1714	3805
1714	3806
1714	3807
1714	3808
1714	3809
1714	3810
1714	3811
1714	3812
1714	3813
1714	3814
1714	3815
1714	3816
1714	3817
1714	3818
1714	3819
1714	3820
1714	3821
1714	3822
1714	3823
1714	3824
1714	3825
1715	2008
1716	2031
1716	3826
1717	554
1717	556
1717	3827
1718	1037
1718	1039
1718	3828
1719	1480
1719	3829
1720	2099
1720	3241
1720	3830
1721	864
1721	2531
1721	2644
1721	3488
1722	2482
1722	3831
1723	584
1723	2127
1723	2417
1723	2581
1723	2582
1723	2715
1723	3168
1723	3832
1723	3833
1723	3834
1723	3835
1724	3241
1725	2066
1725	2355
1725	2475
1725	3116
1725	3737
1726	2490
1726	2491
1726	3249
1727	2046
1727	2580
1728	3148
1728	3836
1728	3837
1729	110
1729	269
1729	3838
1730	177
1730	3839
1731	864
1731	866
1731	3080
1731	3763
1732	73
1732	600
1732	3470
1732	3840
1733	3086
1733	3841
1733	3842
1733	3843
1734	3844
1734	3845
1735	866
1735	2826
1735	3763
1736	2422
1736	3846
1736	3847
1737	2127
1737	2414
1737	2730
1737	3848
1738	2070
1738	3849
1738	3850
1738	3851
1739	2049
1739	2726
1740	3102
1740	3852
1740	3853
1741	2117
1741	2176
1741	2761
1741	2763
1741	3334
1741	3854
1742	230
1742	603
1742	2713
1743	603
1743	951
1743	2713
1743	2841
1744	132
1744	3547
1744	3855
1744	3856
1745	2355
1745	2475
1745	3116
1745	3740
1745	3857
1745	3858
1746	1719
1746	2253
1746	2328
1747	2291
1747	3859
1748	222
1749	2530
1749	3860
1750	2418
1750	3861
1750	3862
1751	3502
1751	3863
1751	3864
1751	3865
1751	3866
1751	3867
1752	2618
1752	3868
1752	3869
1752	3870
1752	3871
1753	3872
1754	3245
1754	3873
1754	3874
1755	2482
1755	2531
1755	3831
1755	3875
1755	3876
1756	3877
1756	3878
1756	3879
1757	621
1757	3880
1757	3881
1758	2068
1758	3882
1759	1774
1759	2302
1759	2847
1759	3789
1759	3883
1760	2356
1760	3254
1760	3884
1760	3885
1761	2197
1761	2503
1761	3886
1762	156
1762	3102
1762	3887
1762	3888
1763	3889
1763	3890
1763	3891
1764	3892
1764	3893
1765	2584
1765	3894
1765	3895
1766	132
1766	273
1766	695
1766	3855
1766	3856
1766	3896
1767	129
1767	603
1767	760
1767	934
1768	3897
1768	3898
1769	870
1769	2118
1769	2339
1769	2727
1769	3899
1770	584
1770	585
1770	2497
1771	2339
1771	2747
1771	3284
1771	3468
1771	3900
1771	3901
1772	2632
1772	3902
1773	2471
1773	2472
1773	3903
1774	2530
1774	3904
1775	2558
1775	2742
1775	3905
1776	117
1776	3906
1776	3907
1777	784
1777	2066
1777	2223
1777	2224
1777	2355
1777	2475
1777	2764
1777	3117
1777	3857
1777	3908
1777	3909
1777	3910
1777	3911
1777	3912
1778	3913
1779	2067
1779	2596
1779	3914
1779	3915
1779	3916
1780	2041
1780	2178
1780	3475
1781	81
1781	229
1781	230
1782	69
1782	73
1782	74
1782	600
1783	3917
1783	3918
1783	3919
1784	784
1784	2764
1784	3920
1785	23
1785	214
1785	1479
1785	2499
1785	3749
1786	2530
1786	3921
1787	3922
1787	3923
1787	3924
1787	3925
1788	1784
1788	3926
1789	603
1789	604
1789	1774
1789	2302
1789	2847
1789	3927
1790	3419
1790	3928
1790	3929
1790	3930
1791	585
1791	2386
1791	3166
1791	3931
1791	3932
1792	585
1792	1270
1792	3933
1792	3934
1793	399
1793	3935
1794	2331
1794	3936
1794	3937
1795	3938
1795	3939
1795	3940
1795	3941
1795	3942
1795	3943
1796	3494
1796	3944
1796	3945
1796	3946
1797	3947
1797	3948
1797	3949
1798	3509
1798	3950
1798	3951
1798	3952
1798	3953
1798	3954
1798	3955
1798	3956
1798	3957
1798	3958
1798	3959
1799	2491
1799	3249
1799	3960
1800	3110
1800	3961
1800	3962
1800	3963
1801	584
1801	2049
1801	2170
1801	2291
1801	2521
1801	2618
1801	2737
1801	3845
1801	3964
1801	3965
1802	2226
1802	2227
1802	3966
1802	3967
1803	2654
1803	3296
1803	3769
1803	3968
1804	492
1804	494
1804	3969
1805	2291
1805	3267
1805	3970
1806	2097
1806	3971
1806	3972
1806	3973
1807	2014
1807	2434
1807	2836
1807	3974
1807	3975
1807	3976
1807	3977
1807	3978
1808	3148
1808	3979
1808	3980
1808	3981
1809	2644
1809	3982
1809	3983
1809	3984
1810	3505
1810	3506
1810	3687
1810	3985
1810	3986
1810	3987
1811	864
1811	2406
1811	2643
1812	3770
1812	3988
1812	3989
1812	3990
1813	3991
1813	3992
1813	3993
1814	3881
1814	3994
1815	1508
1815	2434
1815	3995
1816	2197
1816	2503
1816	2650
1816	3886
1816	3996
1817	951
1817	2713
1817	3416
1817	3417
1818	2711
1818	3472
1819	2041
1819	2868
1820	603
1820	604
1821	865
1821	3997
1821	3998
1821	3999
1821	4000
1822	2102
1822	2127
1822	4001
1823	73
1823	600
1823	747
1824	2562
1824	4002
1824	4003
1825	899
1825	2122
1825	2330
1825	2649
1825	4004
1825	4005
1826	1600
1826	2170
1826	2401
1826	3468
1827	15
1827	117
1827	4006
1827	4007
1828	72
1828	73
1828	1085
1829	2031
1829	4008
1829	4009
1829	4010
1830	753
1830	2478
1830	4011
1830	4012
1830	4013
1831	2833
1831	3318
1831	3319
1832	626
1833	603
1833	4014
1833	4015
1833	4016
1834	2629
1834	3292
1834	4017
1834	4018
1835	1037
1835	1039
1835	4019
1836	2032
1836	4020
1837	3222
1837	4021
1837	4022
1837	4023
1838	3476
1838	3477
1838	4024
1838	4025
1838	4026
1839	3426
1839	4027
1840	2297
1840	3718
1840	4028
1841	2231
1841	3529
1841	3531
1841	4029
1842	2847
1842	3883
1842	4030
1842	4031
1843	2071
1843	4032
1844	2503
1844	4033
1845	2169
1845	2353
1845	4034
1846	211
1846	542
1846	698
1846	1477
1846	4035
1847	2843
1847	4036
1847	4037
1848	222
1848	4038
1848	4039
1848	4040
1849	88
1849	2723
1849	2838
1850	2537
1850	4041
1851	2170
1851	2637
1851	3615
1851	4042
1852	3457
1852	3458
1852	3459
1853	2730
1854	4043
1854	4044
1854	4045
1854	4046
1854	4047
1854	4048
1854	4049
1855	1971
1855	3129
1855	3130
1855	3131
1855	3336
1855	4050
1856	2758
1856	4051
1857	3148
1857	3980
1857	4052
1858	2030
1858	4053
1858	4054
1859	3765
1859	4055
1859	4056
1859	4057
1859	4058
1860	4059
1860	4060
1860	4061
1860	4062
1861	3645
1861	4063
1862	695
1862	1934
1862	4064
1862	4065
1862	4066
1862	4067
1862	4068
1863	2865
1863	4069
1864	680
1864	4070
1864	4071
1864	4072
1865	3695
1865	4073
1865	4074
1865	4075
1866	2562
1866	4076
1866	4077
1867	1034
1867	2547
1867	2765
1867	4078
1867	4079
1867	4080
1867	4081
1867	4082
1868	129
1868	273
1868	707
1868	4083
1868	4084
1869	4085
1869	4086
1869	4087
1869	4088
1870	2835
1870	2836
1870	4089
1870	4090
1871	3542
1871	4091
1871	4092
1871	4093
1871	4094
1871	4095
1872	2547
1872	4078
1872	4096
1872	4097
1873	4098
1873	4099
1873	4100
1874	4101
1874	4102
1874	4103
1875	4104
1875	4105
1875	4106
1875	4107
1875	4108
1876	211
1877	16
1877	17
1878	2628
1879	130
1879	951
1879	2302
1879	3613
1880	1784
1880	1785
1880	2315
1880	3620
1881	584
1881	784
1881	2764
1881	3857
1881	3858
1881	4109
1881	4110
1882	585
1882	3071
1882	3468
1882	3469
1882	4111
1883	2743
1883	4112
1883	4113
1884	4114
1884	4115
1884	4116
1885	3128
1885	4117
1885	4118
1886	2734
1886	3986
1886	4119
1887	585
1887	762
1887	2603
1887	4120
1887	4121
1888	2722
1888	3921
1888	4122
1889	3068
1889	3568
1889	3569
1890	4123
1890	4124
1891	3451
1892	538
1892	864
1892	3080
1892	3844
1892	4125
1892	4126
1893	130
1893	951
1893	4127
1894	1419
1894	2713
1894	3095
1894	3096
1894	3269
1895	2041
1895	2866
1896	339
1896	2489
1896	4128
1897	207
1897	3263
1897	3542
1897	4129
1898	603
1898	2712
1898	3568
1898	3600
1899	4130
1899	4131
1900	3985
1900	3986
1900	3987
1900	4132
1901	399
1901	4133
1901	4134
1901	4135
1902	3523
1902	4136
1902	4137
1903	873
1903	2632
1903	3251
1903	4138
1904	2031
1904	3550
1904	4139
1905	132
1905	273
1905	4140
1905	4141
1906	2259
1906	4142
1907	133
1907	134
1907	136
1907	251
1908	4143
1908	4144
1909	2855
1909	2857
1909	3844
1909	4145
1910	2654
1910	3253
1910	4146
1910	4147
1911	2222
1911	4148
1911	4149
1911	4150
1911	4151
1911	4152
1912	2647
1912	4153
1912	4154
1912	4155
1912	4156
1912	4157
1912	4158
1912	4159
1913	173
1913	2644
1913	2868
1914	2108
1914	3674
1914	4160
1914	4161
1915	2315
1916	1600
1916	2477
1916	2833
1917	3687
1917	3688
1918	2478
1918	3152
1918	3241
1918	3242
1918	4162
1919	3683
1919	4163
1919	4164
1919	4165
1920	3737
1920	4166
1920	4167
1920	4168
1920	4169
1920	4170
1921	1034
1921	2547
1921	2555
1921	4080
1921	4171
1921	4172
1922	1240
1922	4173
1922	4174
1922	4175
1922	4176
1923	2315
1923	2743
1923	4177
1924	2221
1924	4178
1924	4179
1924	4180
1924	4181
1925	2544
1925	4182
1925	4183
1926	4184
1926	4185
1927	1719
1927	3076
1927	4186
1927	4187
1928	129
1928	1442
1928	1445
1928	4188
1928	4189
1928	4190
1928	4191
1928	4192
1929	2637
1929	4193
1929	4194
1930	3476
1930	3477
1930	4195
1931	3240
1931	3503
1931	4034
1931	4196
1932	1509
1932	1510
1932	2863
1932	4197
1933	1784
1933	1785
1933	3620
1933	4198
1934	1683
1934	4199
1935	4200
1935	4201
1935	4202
1935	4203
1936	4204
1936	4205
1937	439
1937	808
1937	1168
1938	808
1938	4206
1938	4207
1938	4208
1939	846
1939	1224
1940	4209
1941	482
1941	2690
1941	3113
1941	4210
1941	4211
1942	476
1942	509
1942	4212
1942	4213
1943	4214
1943	4215
1943	4216
1944	476
1944	2663
1945	405
1945	484
1945	4217
1946	4218
1946	4219
1946	4220
1946	4221
1947	4222
1947	4223
1948	4224
1949	4225
1949	4226
1950	4227
1950	4228
1950	4229
1951	1176
1951	4230
1952	4199
1952	4231
1952	4232
1952	4233
1953	4234
1953	4235
1953	4236
1953	4237
1953	4238
1953	4239
1954	2883
1954	4240
1955	4241
1955	4242
1955	4243
1956	4244
1956	4245
1956	4246
1956	4247
1956	4248
1957	476
1957	478
1957	4249
1957	4250
1958	2029
1958	4251
1959	1103
1959	1380
1959	4252
1959	4253
1959	4254
1959	4255
1960	4256
1960	4257
1960	4258
1960	4259
1961	4260
1961	4261
1962	482
1962	4210
1962	4211
1962	4262
1962	4263
1963	2886
1963	4264
1963	4265
1964	476
1964	482
1964	3415
1964	4266
1965	4204
1965	4205
1965	4267
1966	3700
1966	4268
1966	4269
1966	4270
1967	4254
1967	4271
1967	4272
1968	4271
1968	4273
1968	4274
1968	4275
1969	4276
1969	4277
1969	4278
1970	4279
1970	4280
1970	4281
1971	4282
1971	4283
1971	4284
1972	1200
1972	4285
1972	4286
1972	4287
1972	4288
1973	445
1973	456
1973	4289
1973	4290
1973	4291
1974	466
1974	4292
1975	4288
1975	4293
1976	405
1976	484
1976	4294
1977	4295
1977	4296
1977	4297
1978	4298
1978	4299
1978	4300
1978	4301
1978	4302
1978	4303
1978	4304
1979	2955
1979	2957
1979	4305
1979	4306
1979	4307
1980	1190
1980	4308
1981	4309
1981	4310
1982	4311
1982	4312
1982	4313
1982	4314
1982	4315
1982	4316
1983	464
1983	820
1983	1105
1983	1164
1984	846
1984	1224
1985	1190
1985	1198
1986	1176
1986	1200
1986	4230
1987	445
1987	456
1987	4289
1987	4290
1988	484
1988	4317
1989	466
1989	4292
1990	484
1990	498
1990	4318
1990	4319
1991	1164
1991	4320
1992	823
1992	4321
1993	4322
1993	4323
1994	440
1994	4324
1995	476
1995	4325
1996	4326
1996	4327
1996	4328
1996	4329
1997	4330
1997	4331
1998	329
1998	439
1998	1168
1998	4332
1998	4333
1999	405
1999	4298
1999	4334
2000	444
2000	1155
2000	4335
2001	774
2001	775
2002	4336
2003	4337
2004	463
2005	411
2005	413
2005	414
2005	415
2005	4338
2005	4339
2006	4340
2006	4341
2007	4241
2007	4242
2007	4342
2007	4343
2008	506
2008	4344
2009	4345
2009	4346
2009	4347
2010	4348
2010	4349
2010	4350
2010	4351
2010	4352
2011	782
2011	823
2011	4321
2011	4353
2012	2957
2012	4354
2012	4355
2012	4356
2013	4357
2013	4358
2014	487
2014	488
2015	4359
2015	4360
2016	406
2016	423
2016	2695
2016	4361
2017	1618
2017	4362
2017	4363
2017	4364
2017	4365
2018	1236
2018	2689
2018	2693
2018	2781
2018	4366
2019	463
2019	4229
2019	4367
2019	4368
2020	779
2020	4369
2021	479
2021	481
2021	482
2021	4210
2022	795
2022	4370
2022	4371
2023	3221
2023	4372
2023	4373
2024	455
2024	4374
2025	418
2025	1190
2025	4375
2026	810
2026	812
2026	1183
2026	4376
2027	439
2027	1167
2027	1168
2027	4333
2027	4377
2027	4378
2028	863
2028	4379
2029	409
2029	410
2030	4380
2030	4381
2030	4382
2030	4383
2031	530
2031	531
2031	4384
2031	4385
2031	4386
2032	4367
2032	4387
2032	4388
2033	4204
2033	4205
2033	4389
2034	4390
2034	4391
2034	4392
2034	4393
2035	1108
2035	2682
2036	439
2036	464
2036	1164
2036	1168
2036	4394
2037	4395
2037	4396
2037	4397
2037	4398
2038	2801
2038	4399
2039	2697
2039	2983
2039	4400
2039	4401
2040	466
2040	4402
2041	1190
2041	2003
2041	4403
2041	4404
2042	439
2042	808
2042	1099
2043	781
2043	4405
2044	3100
2044	4406
2045	4407
2045	4408
2045	4409
2045	4410
2046	4411
2046	4412
2046	4413
2047	482
2047	4414
2048	2809
2049	4415
2049	4416
2049	4417
2049	4418
2049	4419
2049	4420
2050	2809
2051	2771
2051	4421
2051	4422
2051	4423
2052	1150
2052	2692
2053	4199
2053	4424
2054	4425
2054	4426
2055	4427
2055	4428
2056	2673
2056	2689
2056	3392
2057	4429
2057	4430
2058	4425
2059	834
2059	4431
2059	4432
2060	4433
2060	4434
2060	4435
2061	2693
2061	2808
2062	789
2062	4436
2062	4437
2062	4438
2063	789
2063	4436
2063	4439
2063	4440
2064	2771
2064	2785
2064	4441
2065	1314
2065	2774
2065	2794
2065	4442
2066	2666
2066	4443
2066	4444
2067	4445
2067	4446
2068	2692
2068	4264
2068	4447
2068	4448
2068	4449
2068	4450
2069	2692
2070	2673
2070	2689
2070	2693
2071	2693
2071	2808
2071	4451
2072	1140
2072	4452
2072	4453
2073	781
2073	4454
2074	856
2074	4455
2075	2003
2075	2564
2075	3057
2076	1183
2076	2697
2076	4400
2076	4456
2077	4457
2077	4458
2078	4411
2078	4413
2079	4401
2079	4459
2079	4460
2079	4461
2080	2669
2080	2930
2080	4422
2081	872
2081	4462
2081	4463
2081	4464
2082	4465
2082	4466
2083	4467
2084	3015
2085	423
2085	834
2085	1123
2085	4468
2086	4469
2086	4470
2086	4471
2087	2930
2087	3010
2087	4472
2088	1541
2088	1543
2088	4473
2088	4474
2089	3011
2089	4475
2089	4476
2089	4477
2090	2673
2090	2904
2090	2949
2090	3395
2090	4478
2091	2689
2091	4479
2091	4480
2092	3184
2092	4481
2092	4482
2093	439
2093	1595
2093	1639
2093	1732
2093	2883
2093	4483
2094	407
2094	1109
2094	3042
2095	3011
2095	3029
2095	4484
2095	4485
2095	4486
2096	496
2096	1166
2096	4487
2097	1119
2097	3222
2097	4022
2098	405
2098	407
2098	453
2098	1116
2098	4488
2099	1109
2099	1260
2099	1634
2099	1635
2099	1636
2100	1109
2100	3414
2101	3218
2101	3401
2101	3405
2101	4489
2101	4490
2101	4491
2102	2771
2102	2809
2102	4492
2102	4493
2102	4494
2102	4495
2103	3040
2103	4496
2103	4497
2104	2810
2104	4498
2104	4499
2104	4500
2105	508
2105	509
2105	2693
2105	4501
2105	4502
2106	2930
2106	4503
2106	4504
2106	4505
2106	4506
2107	2782
2107	2796
2107	4507
2107	4508
2108	2885
2108	4509
2109	2879
2109	2880
2109	4510
2109	4511
2109	4512
2110	4513
2110	4514
2110	4515
2110	4516
2111	3031
2111	4517
2111	4518
2112	2782
2112	4519
2112	4520
2113	416
2113	2931
2113	4521
2113	4522
2113	4523
2114	2797
2114	3226
2114	3946
2114	4524
2114	4525
2115	476
2115	1244
2115	2693
2115	3011
2115	3382
2115	4526
2116	496
2116	497
2116	2960
2116	2967
2116	4527
2117	3234
2117	3235
2118	3374
2118	4528
2118	4529
2118	4530
2118	4531
2119	453
2119	509
2119	1102
2119	3001
2119	3372
2119	4532
2119	4533
2120	476
2120	1109
2120	3202
2120	3203
2121	406
2121	1115
2121	1116
2121	4534
2121	4535
2122	1116
2122	1122
2122	1195
2122	1196
2122	3178
2123	476
2123	3213
2123	3415
2124	4536
2124	4537
2124	4538
2124	4539
2125	405
2125	407
2125	453
2125	4540
2125	4541
2126	3184
2126	4542
2126	4543
2126	4544
2126	4545
2126	4546
2126	4547
2126	4548
2127	2946
2127	2947
2127	3042
2127	3093
2127	4472
2127	4549
2127	4550
2127	4551
2127	4552
2128	439
2128	1639
2128	2883
2128	4483
2128	4553
2128	4554
2128	4555
2128	4556
2128	4557
2129	3218
2129	3405
2129	4558
2130	508
2130	4501
2130	4559
2131	1240
2131	4211
2131	4560
2131	4561
2132	2689
2132	2693
2132	3189
2132	4562
2133	476
2133	2927
2133	4563
2133	4564
2133	4565
2134	2782
2134	2796
2134	4520
2134	4566
2134	4567
2135	482
2135	4568
2136	1109
2136	3414
2136	4569
2137	507
2137	509
2137	1139
2137	3206
2137	4570
2137	4571
2138	2920
2138	4572
2139	4573
2139	4574
2139	4575
2139	4576
2139	4577
2140	2810
2140	4578
2140	4579
2140	4580
2140	4581
2141	2672
2141	2921
2141	4582
2141	4583
2141	4584
2142	1115
2142	1217
2142	2904
2142	2910
2142	4585
2142	4586
2142	4587
2143	405
2143	423
2143	1116
2143	3042
2143	3345
2143	4588
2144	2663
2144	2697
2144	4473
2144	4589
2145	406
2145	1115
2145	2785
2145	2920
2146	4114
2146	4590
2146	4591
2147	403
2147	2692
2147	4592
2147	4593
2148	1244
2148	1245
2148	2064
2148	3852
2148	4594
2148	4595
2148	4596
2148	4597
2149	4532
2149	4588
2150	3208
2150	4598
2150	4599
2150	4600
2151	432
2151	792
2151	4601
2151	4602
2151	4603
2152	2924
2152	4589
2152	4604
2153	439
2153	1639
2153	2952
2153	4483
2153	4605
2153	4606
2153	4607
2153	4608
2154	3223
2154	4021
2154	4609
2154	4610
2154	4611
2155	423
2155	2946
2155	2947
2155	4550
2155	4551
2155	4612
2155	4613
2155	4614
2156	4412
2156	4413
2156	4615
2156	4616
2156	4617
2157	2930
2157	4511
2157	4618
2157	4619
2158	2886
2158	4620
2159	1258
2159	2967
2159	4621
2159	4622
2160	1116
2160	1396
2161	4623
2161	4624
2161	4625
2161	4626
2161	4627
2161	4628
2162	1595
2162	1596
2162	1598
2162	2883
2162	4629
2162	4630
2162	4631
2163	1101
2163	1259
2163	4570
2163	4632
2164	1109
2164	1635
2164	4633
2165	4477
2165	4486
2165	4634
2165	4635
2166	4636
2166	4637
2166	4638
2166	4639
2167	3039
2167	4640
2167	4641
2168	2673
2168	2949
2168	4478
2169	2930
2169	3342
2169	4642
2169	4643
2170	2672
2170	2947
2170	2962
2170	4583
2170	4644
2170	4645
2170	4646
2171	3013
2171	3040
2171	4496
2172	1252
2172	2788
2172	2790
2172	4647
2173	2952
2173	4648
2173	4649
2173	4650
2173	4651
2173	4652
2173	4653
2173	4654
2174	406
2174	496
2174	1115
2174	1166
2174	4487
2174	4655
2174	4656
2175	1115
2175	2904
2175	2910
2175	2953
2175	4585
2175	4586
2175	4587
2175	4657
2176	1541
2176	2663
2176	4473
2176	4658
2177	1139
2177	1244
2177	3206
2177	3392
2177	4659
2177	4660
2177	4661
2178	3184
2178	4544
2178	4662
2178	4663
2178	4664
2178	4665
2178	4666
2178	4667
2179	2904
2179	2930
2179	3342
2179	4668
2180	2931
2180	4669
2180	4670
2180	4671
2181	435
2181	4672
2181	4673
2181	4674
2181	4675
2181	4676
2181	4677
2182	2910
2182	3234
2182	3235
2183	4678
2184	4129
2184	4679
2184	4680
2184	4681
2184	4682
2184	4683
2185	4684
2186	4685
2186	4686
2187	4318
2187	4687
2187	4688
2187	4689
2188	1107
2188	4690
2189	2770
2189	3193
2189	3377
2189	4691
2189	4692
2189	4693
2190	4694
2190	4695
2190	4696
2191	3415
2191	4697
2192	3011
2192	4698
2192	4699
2192	4700
2193	4701
2193	4702
2194	4703
2194	4704
2194	4705
2194	4706
2194	4707
2195	4708
2195	4709
2196	4710
2196	4711
2197	4712
2197	4713
2197	4714
2197	4715
2198	4708
2198	4716
2199	3017
2199	3415
2199	4717
2199	4718
2200	4636
2200	4637
2200	4638
2200	4639
2200	4719
2201	4720
2202	4721
2202	4722
2202	4723
2202	4724
2203	403
2203	2692
2203	4725
2203	4726
2204	4727
2204	4728
2204	4729
2204	4730
2205	1109
2205	4731
2206	1109
2206	4569
2206	4732
2207	398
2207	2776
2207	4733
2207	4734
2207	4735
2207	4736
2207	4737
2208	508
2208	509
2208	4501
2208	4559
2208	4738
2208	4739
2209	2693
2209	2801
2209	3366
2209	4526
2209	4562
2209	4740
2209	4741
2209	4742
2209	4743
2209	4744
2210	4745
2210	4746
2210	4747
2210	4748
2211	4749
2211	4750
2211	4751
2211	4752
2211	4753
2212	1595
2212	1596
2212	1598
2212	2883
2212	4754
2212	4755
2212	4756
2212	4757
2213	4475
2213	4758
2213	4759
2214	4681
2214	4760
2214	4761
2214	4762
2215	1595
2215	1596
2215	1598
2215	2883
2215	4755
2215	4763
2216	1164
2216	2695
2216	2782
2216	4361
2216	4764
2216	4765
2216	4766
2216	4767
2216	4768
2217	4769
2217	4770
2217	4771
2217	4772
2217	4773
2217	4774
2218	4775
2219	4776
2219	4777
2219	4778
2220	4779
2221	4780
2221	4781
2222	4782
2222	4783
2223	4784
2223	4785
2223	4786
2224	4787
2225	4788
2226	4789
2226	4790
2226	4791
2226	4792
2227	4793
2227	4794
2227	4795
2227	4796
2227	4797
2228	4798
2228	4799
2228	4800
2228	4801
2229	4802
2229	4803
2230	4804
2230	4805
2230	4806
2230	4807
2231	4776
2231	4778
2232	4808
2232	4809
2233	4802
2233	4803
2233	4810
2233	4811
2234	4264
2235	4812
2235	4813
2235	4814
2236	4815
2237	4816
2237	4817
2238	2853
2238	4818
2238	4819
2239	4820
2240	4821
2241	4822
2241	4823
2242	4824
2242	4825
2243	4826
2244	4827
2244	4828
2245	4829
2246	329
2247	1033
2248	4830
2248	4831
2248	4832
2248	4833
2249	4834
2250	4835
2250	4836
2251	4837
2252	2666
2252	4443
2252	4838
2253	4830
2253	4833
2253	4835
2253	4836
2254	4794
2255	4839
2255	4840
2256	4841
2256	4842
2257	4843
2257	4844
2258	4845
2259	4846
2259	4847
2259	4848
2260	4849
2260	4850
2260	4851
2261	4852
2261	4853
2261	4854
2262	4827
2262	4855
2263	4856
2263	4857
2264	4858
2264	4859
2264	4860
2264	4861
2265	4862
2265	4863
2266	4864
2266	4865
2267	4866
2268	2029
2269	4867
2270	4868
2271	4869
2271	4870
2272	4871
2272	4872
2273	4873
2274	4874
2275	4875
2276	329
2277	4876
2277	4877
2278	2344
2278	2348
2278	2816
2279	4878
2279	4879
2280	4880
2281	4881
2281	4882
2281	4883
2282	4884
2282	4885
2283	4886
2283	4887
2284	4857
2284	4888
2285	4889
2286	4890
2286	4891
2286	4892
2287	2693
2288	1150
2288	4893
2289	4894
2290	4895
2290	4896
2290	4897
2291	2817
2291	4898
2292	4899
2293	4900
2293	4901
2293	4902
2294	2808
2294	4264
2295	4228
2295	4903
2296	4421
2297	4904
2298	4828
2298	4855
2298	4905
2299	4906
2300	4907
2301	2870
2301	4908
2302	4909
2302	4910
2303	4911
2303	4912
2304	4913
2304	4914
2305	4915
2306	4916
2307	4787
2307	4917
2308	4809
2308	4918
2308	4919
2309	4798
2309	4800
2309	4920
2310	2666
2310	4921
2311	4922
2311	4923
2311	4924
2312	4925
2313	4926
2313	4927
2314	4928
2314	4929
2315	4930
2316	4931
2317	4932
2318	4933
2318	4934
2318	4935
2318	4936
2318	4937
2318	4938
2319	4939
2319	4940
2320	4941
2320	4942
2321	4943
2322	4942
2323	4829
2324	4944
2324	4945
2325	4946
2325	4947
2326	4778
2326	4948
2327	2637
2328	537
2328	3574
2328	4949
2328	4950
2328	4951
2329	4952
2329	4953
2329	4954
2330	2418
2330	3474
2330	4955
2331	2352
2331	4956
2332	2117
2332	2446
2332	3333
2332	4957
2332	4958
2333	4958
2334	2472
2334	4959
2334	4960
2334	4961
2335	2637
2335	2638
2335	3244
2336	2127
2336	2723
2336	3168
2337	2209
2337	4962
2338	3889
2338	4963
2338	4964
2339	3241
2339	4965
2339	4966
2339	4967
2340	3505
2340	3687
2340	4968
2341	870
2341	2117
2341	2118
2341	3834
2341	4969
2342	2476
2342	2477
2342	4970
2343	2145
2343	2191
2343	2353
2343	2818
2344	2170
2344	3468
2345	2182
2345	3735
2346	1479
2346	2499
2346	4971
2347	2637
2347	3244
2347	4193
2347	4972
2347	4973
2348	4974
2348	4975
2349	147
2349	760
2349	2851
2350	391
2350	618
2350	4976
2350	4977
2351	2169
2351	2634
2351	2689
2351	2693
2351	4978
2352	2836
2352	2837
2353	2049
2353	4979
2353	4980
2354	81
2354	142
2354	1509
2354	1564
2354	1757
2354	3086
2355	73
2355	3470
2355	4981
2356	2046
2356	2559
2357	1719
2357	2328
2357	3333
2358	784
2358	959
2358	2167
2358	2169
2358	2624
2359	2182
2359	2593
2359	4982
2360	1315
2360	4983
2360	4984
2361	3102
2361	3485
2362	2732
2362	2734
2362	3985
2362	3986
2363	2031
2363	2170
2363	2401
2363	2567
2363	2839
2363	3468
2363	4985
2363	4986
2363	4987
2363	4988
2363	4989
2364	2192
2364	4990
2364	4991
2365	2847
2365	3913
2365	4992
2366	2178
2366	2618
2366	4993
2367	2178
2367	2406
2367	2627
2367	4994
2368	2226
2368	3476
2368	4024
2368	4995
2369	3422
2369	4996
2369	4997
2370	2530
2370	3921
2371	117
2371	1719
2371	1785
2371	2315
2372	2323
2372	4998
2373	2161
2373	3451
2374	2169
2374	2182
2374	2761
2374	4999
2375	2122
2375	2430
2375	2844
2375	3262
2376	2620
2376	5000
2377	2758
2377	5001
2378	3492
2378	3493
2378	3494
2378	5002
2379	4043
2379	4044
2379	5003
2379	5004
2379	5005
2379	5006
2380	3644
2380	3645
2380	5007
2380	5008
2380	5009
2380	5010
2381	3953
2381	3954
2381	3955
2381	3958
2381	5011
2381	5012
2382	2118
2382	2339
2382	2503
2382	3284
2382	3285
2382	3479
2382	3765
2382	5013
2383	3854
2383	5014
2383	5015
2383	5016
2384	5017
2384	5018
2384	5019
2385	5020
2385	5021
2385	5022
2386	75
2387	1922
2387	2178
2387	2627
2387	3096
2387	5023
2388	211
2388	5024
2388	5025
2388	5026
2388	5027
2389	2597
2389	5028
2389	5029
2389	5030
2390	2235
2390	5031
2390	5032
2390	5033
2391	2435
2391	5034
2392	2117
2392	2118
2392	2503
2392	3284
2392	3503
2393	3842
2393	3843
2394	5035
2394	5036
2394	5037
2394	5038
2394	5039
2395	2167
2395	2182
2395	2761
2395	3473
2395	4034
2395	4982
2395	5040
2395	5041
2395	5042
2396	3148
2396	3981
2396	5043
2397	3426
2397	4027
2397	5044
2397	5045
2397	5046
2398	329
2398	2693
2398	2783
2398	5047
2399	2693
2399	2808
2400	3090
2400	3743
2401	5048
2401	5049
2401	5050
2402	2983
2402	4461
2402	5051
2403	5052
2403	5053
2404	2870
2404	5054
2404	5055
2405	5056
2406	507
2406	2963
2406	5057
2407	2785
2407	5058
2407	5059
2407	5060
2408	5061
2408	5062
2408	5063
2408	5064
2409	5065
2410	5066
2410	5067
2411	2790
2411	5068
2412	2697
2412	5069
2413	5070
2413	5071
2414	5047
2414	5072
2414	5073
2414	5074
2415	5075
2415	5076
2416	2909
2416	5077
2417	853
2417	4427
2417	4428
2418	2697
2418	5078
2419	846
2419	5079
2420	5080
2420	5081
2421	466
2421	4402
2422	1150
2422	2692
2422	5082
2423	5083
2423	5084
2424	4421
2425	2693
2425	4264
2425	5085
2426	1033
2426	5086
2426	5087
2427	329
2427	2708
2427	3057
2427	5088
2427	5089
2428	2873
2428	3043
2428	5090
2429	5076
2429	5091
2429	5092
2429	5093
2429	5094
2429	5095
2430	4931
2430	5096
2430	5097
2431	5098
2432	2693
2433	201
2433	3356
2433	5082
2434	217
2434	834
2434	1123
2435	2708
2435	5099
2436	2697
2436	5100
2436	5101
2437	1674
2437	5102
2437	5103
2438	1252
2438	2674
2439	4264
2439	5053
2439	5088
2439	5089
2439	5104
2439	5105
2440	466
2440	5106
2441	853
2441	5107
2442	4833
2442	5108
2442	5109
2443	5110
2443	5111
2444	5112
2445	5113
2445	5114
2445	5115
2446	5116
2447	329
2447	808
2447	2693
2447	3152
2448	2693
2448	5117
2449	5118
2449	5119
2450	5120
2451	2708
2451	2809
2452	2785
2452	5121
2453	2666
2453	5122
2453	5123
2454	5097
2454	5124
2454	5125
2455	5126
2456	4926
2457	5127
2457	5128
2458	5129
2458	5130
2458	5131
2458	5132
2459	5133
2459	5134
2459	5135
2460	41
2460	99
2460	5136
2461	2478
2461	3075
2461	3242
2461	5137
2462	1518
2462	5138
2463	727
2464	81
2464	2338
2464	2575
2465	49
2466	211
2466	3861
2467	1683
2467	3119
2467	5139
2468	5140
2468	5141
2469	264
2470	241
2470	5138
2470	5142
2471	188
2471	5143
2472	626
2473	539
2474	5144
2474	5145
2474	5146
2475	60
2475	5147
2475	5148
2476	5149
2476	5150
2477	593
2477	5151
2477	5152
2477	5153
2478	1509
2478	1757
2478	2478
2478	3247
2479	73
2479	253
2479	5154
2479	5155
2480	73
2480	2828
2480	5156
2481	170
2481	623
2481	5157
2482	2487
2482	5158
2483	5159
2484	5134
2484	5160
2484	5161
2485	99
2485	2337
2485	2615
2486	953
2486	5162
2486	5163
2487	5164
2487	5165
2487	5166
2488	5167
2488	5168
2489	311
2489	5169
2489	5170
2489	5171
2489	5172
2490	1524
2490	5173
2490	5174
2490	5175
2491	5176
2491	5177
2491	5178
2492	5179
2492	5180
2493	5181
2493	5182
2494	994
2494	5183
2495	727
2495	5184
2496	1893
2496	5185
2497	5186
2497	5187
2497	5188
2498	5189
2498	5190
2499	626
2500	2478
2500	5191
2500	5192
2500	5193
2501	760
2501	1019
2501	5194
2502	2478
2502	5195
2502	5196
2503	92
2503	941
2503	5197
2504	5198
2505	2339
2505	3137
2505	5199
2506	5199
2506	5200
2507	178
2507	5201
2508	2478
2508	3073
2509	82
2509	974
2509	5202
2510	554
2510	556
2510	5203
2511	5204
2511	5205
2511	5206
2512	5207
2513	9
2513	23
2513	2487
2514	5208
2514	5209
2514	5210
2515	4489
2515	5138
2516	810
2516	5211
2516	5212
2516	5213
2517	2170
2517	5214
2518	5215
2518	5216
2518	5217
2519	211
2519	1026
2519	5025
2520	5218
2520	5219
2520	5220
2521	699
2521	5221
2521	5222
2522	5223
2522	5224
2523	72
2523	249
2523	5225
2523	5226
2524	249
2524	5226
2525	5227
2525	5228
2526	5229
2526	5230
2526	5231
2526	5232
2526	5233
2527	5234
2527	5235
2528	5236
2529	5237
2529	5238
2530	5239
2530	5240
2530	5241
2531	120
2531	643
2532	947
2532	5242
2532	5243
2533	2468
2533	5244
2534	236
2534	542
2534	865
2534	2406
2534	2585
2535	253
2535	5245
2536	5246
2536	5247
2536	5248
2536	5249
2536	5250
2536	5251
2536	5252
2537	81
2537	5253
2538	5254
2538	5255
2538	5256
2539	1524
2539	5257
2540	470
2540	5258
2540	5259
2541	1322
2541	1450
2541	5260
2541	5261
2542	65
2542	623
2543	5262
2544	1033
2545	5263
2545	5264
2545	5265
2545	5266
2546	5267
2547	5268
2548	5269
2549	1123
2549	4446
2549	5270
2550	5271
2551	5272
2551	5273
2551	5274
2552	5275
2552	5276
2552	5277
2553	5278
2554	5279
2555	4809
2555	5280
2555	5281
2556	5282
2557	5283
2557	5284
2558	5285
2558	5286
2559	5287
2559	5288
2560	5289
2560	5290
2560	5291
2561	5292
2562	5293
2562	5294
2563	1896
2563	5295
2564	4852
2565	5296
2565	5297
2566	1
2566	59
2566	152
2566	1315
2567	5256
2567	5298
2567	5299
2568	351
2568	354
2568	5300
2569	617
2569	618
2569	5301
2569	5302
2569	5303
2570	6
2570	229
2570	561
2570	3836
2571	366
2571	5304
2571	5305
2572	5306
2572	5307
2573	1
2573	152
2573	655
2573	5308
2573	5309
2574	914
2574	2477
2575	2269
2575	5310
2576	5311
2576	5312
2576	5313
2576	5314
2576	5315
2577	552
2577	1005
2578	953
2579	1815
2579	5316
2579	5317
2579	5318
2580	5319
2580	5320
2581	99
2581	5321
2582	5312
2582	5315
2582	5322
2582	5323
2583	49
2583	81
2583	660
2584	107
2585	166
2585	167
2586	668
2586	916
2587	54
2587	1815
2587	5324
2587	5325
2588	110
2588	129
2588	292
2589	264
2589	978
2590	311
2591	979
2592	766
2593	5326
2593	5327
2593	5328
2594	92
2594	639
2594	5329
2595	618
2595	5330
2595	5331
2595	5332
2595	5333
2596	5208
2596	5334
2596	5335
2596	5336
2597	69
2597	73
2597	74
2597	600
2598	69
2598	73
2598	5337
2599	495
2599	5338
2599	5339
2600	72
2600	73
2600	1085
2601	5156
2602	651
2602	727
2603	1784
2603	3926
2603	5340
2604	1697
2604	5341
2604	5342
2604	5343
2605	67
2605	77
2605	5344
2606	1525
2606	5345
2606	5346
2607	1699
2608	957
2608	5347
2608	5348
2608	5349
2608	5350
2608	5351
2609	2827
2609	2828
2610	5352
2610	5353
2610	5354
2611	125
2611	1051
2611	1052
2611	3548
2611	5355
2611	5356
2612	320
2612	321
2612	5357
2613	5239
2613	5358
2614	215
2614	896
2614	1789
2614	5359
2615	289
2615	330
2615	5360
2615	5361
2616	1524
2616	5362
2617	772
2617	773
2617	5363
2618	5364
2618	5365
2619	626
2620	916
2620	1046
2620	5366
2620	5367
2620	5368
2621	5369
2621	5370
2622	2471
2622	3760
2622	5371
2623	5372
2623	5373
2624	249
2624	5374
2624	5375
2625	73
2625	5376
2625	5377
2626	123
2626	125
2626	1122
2627	1
2627	5309
2627	5378
2627	5379
2628	5380
2628	5381
2629	261
2629	5382
2629	5383
2629	5384
2630	5339
2630	5385
2631	133
2631	3897
2631	5386
2632	133
2632	339
2632	693
2632	3897
2632	5387
2633	634
2633	5388
2633	5389
2634	5390
2634	5391
2635	5392
2635	5393
2635	5394
2636	60
2636	5395
2636	5396
2637	72
2637	596
2637	597
2638	27
2638	5397
2639	5136
2639	5398
2639	5399
2640	5133
2641	315
2641	748
2642	5175
2642	5400
2642	5401
2642	5402
2642	5403
2643	147
2643	2849
2644	2614
2644	5404
2644	5405
2645	5406
2645	5407
2645	5408
2646	167
2646	5409
2647	5410
2648	36
2648	702
2648	5411
2649	270
2649	723
2649	5412
2650	339
2650	340
2650	5413
2651	5414
2652	2367
2652	5415
2653	385
2653	386
2653	727
2653	5416
2654	2193
2654	5417
2654	5418
2655	5419
2655	5420
2655	5421
2655	5422
2656	5423
2656	5424
2656	5425
2656	5426
2656	5427
2656	5428
2656	5429
2656	5430
2656	5431
2656	5432
2657	5433
2657	5434
2658	255
2658	699
2658	5435
2658	5436
2658	5437
2658	5438
2658	5439
2658	5440
2658	5441
2659	107
2659	558
2659	5442
2659	5443
2660	5444
2661	3402
2661	5445
2661	5446
2662	299
2662	5447
2662	5448
2662	5449
2663	72
2663	129
2663	696
2664	5450
2665	2957
2665	5451
2666	5452
2666	5453
2666	5454
2666	5455
2666	5456
2666	5457
2666	5458
2667	5459
2668	5460
2669	2815
2670	5461
2670	5462
2670	5463
2670	5464
2670	5465
2670	5466
2671	5467
2671	5468
2672	5469
2672	5470
2673	5471
2674	5472
2674	5473
2674	5474
2675	5475
2675	5476
2675	5477
2676	5478
2677	626
2678	60
2678	916
2678	5366
2678	5479
2679	1548
2679	5480
2680	1517
2680	5368
2681	5481
2681	5482
2682	3137
2682	5199
2682	5483
2682	5484
2682	5485
2683	5486
2683	5487
2683	5488
2684	188
2684	5143
2684	5489
2684	5490
2685	60
2685	5147
2685	5491
2686	5492
2686	5493
2686	5494
2687	2367
2687	5415
2688	5176
2688	5495
2688	5496
2688	5497
2689	6
2689	92
2689	5498
2690	49
2690	998
2690	5499
2691	5500
2691	5501
2692	5502
2692	5503
2692	5504
2693	209
2693	667
2694	9
2694	23
2694	2487
2695	5505
2695	5506
2695	5507
2695	5508
2696	5144
2696	5145
2696	5146
2697	2468
2697	5244
2698	211
2698	542
2698	544
2698	865
2699	72
2699	73
2699	75
2699	696
2700	73
2700	129
2700	714
2701	253
2701	2472
2701	5509
2702	609
2702	5510
2702	5511
2703	188
2703	5512
2704	546
2704	5255
2704	5513
2705	69
2705	73
2706	593
2706	5153
2706	5514
2707	73
2707	104
2707	5156
2708	626
2708	727
2709	727
2709	5515
2710	2193
2710	2826
2711	5516
2711	5517
2712	5518
2712	5519
2712	5520
2713	5208
2713	5209
2713	5521
2713	5522
2713	5523
2713	5524
2713	5525
2714	125
2714	601
2714	5526
2715	1376
2715	5527
2715	5528
2716	312
2716	5529
2716	5530
2717	2296
2717	5531
2717	5532
2718	354
2718	5300
2718	5533
2718	5534
2718	5535
2719	1344
2719	5442
2719	5536
2719	5537
2719	5538
2719	5539
2719	5540
2719	5541
2720	253
2720	760
2720	5542
2720	5543
2720	5544
2720	5545
2721	41
2721	95
2721	99
2721	281
2721	282
2722	5180
2722	5546
2722	5547
2722	5548
2723	36
2723	2639
2723	5549
2723	5550
2723	5551
2724	5552
2724	5553
2724	5554
2725	5555
2725	5556
2726	211
2726	1026
2726	5025
2727	178
2727	1273
2727	5557
2728	5558
2728	5559
2729	314
2729	5127
2730	1337
2730	5560
2730	5561
2731	865
2731	2406
2731	2477
2732	3845
2732	5562
2733	5395
2733	5563
2733	5564
2733	5565
2734	5566
2735	554
2735	556
2735	5567
2736	222
2737	110
2737	129
2737	292
2738	133
2738	3897
2739	8
2739	5568
2739	5569
2739	5570
2740	5571
2741	143
2741	5572
2742	304
2742	593
2742	5573
2743	695
2743	962
2743	1972
2743	5574
2744	5575
2744	5576
2745	1524
2745	5175
2745	5257
2746	1454
2746	5577
2747	104
2747	727
2747	1922
2747	3096
2747	3433
2748	5578
2748	5579
2748	5580
2749	727
2749	5184
2749	5581
2749	5582
2750	110
2750	129
2750	5583
2751	5584
2751	5585
2751	5586
2752	5587
2752	5588
2753	5589
2753	5590
2753	5591
2754	5592
2754	5593
2755	228
2755	267
2756	2228
2756	4004
2756	5594
2756	5595
2757	226
2757	5596
2757	5597
2758	5598
2758	5599
2758	5600
2759	5601
2759	5602
2759	5603
2760	339
2760	551
2760	5604
2760	5605
2760	5606
2760	5607
2761	5608
2761	5609
2762	5610
2762	5611
2762	5612
2763	72
2763	597
2763	5613
2764	5614
2764	5615
2764	5616
2765	5617
2766	5618
2766	5619
2767	5271
2768	4443
2768	5620
2769	5621
2769	5622
2770	5623
2770	5624
2770	5625
2771	4931
2771	5626
2772	5627
2772	5628
2773	1033
2773	5053
2774	5629
2774	5630
2775	5631
2775	5632
2776	1056
2777	81
2777	866
2777	5633
2778	5634
2778	5635
2779	92
2779	188
2779	5636
2780	2259
2780	3937
2781	1518
2781	5138
2782	1756
2782	5520
2783	351
2783	5637
2784	5638
2784	5639
2785	4489
2785	5138
2785	5640
2786	3165
2787	211
2787	744
2787	5641
2788	2471
2788	5130
2788	5642
2789	1392
2789	5643
2789	5644
2790	72
2790	593
2790	5645
2791	5646
2791	5647
2791	5648
2792	188
2792	1310
2793	682
2793	947
2793	3722
2793	5649
2794	81
2794	229
2794	680
2794	4070
2795	5650
2795	5651
2795	5652
2796	65
2796	623
2797	5653
2797	5654
2798	626
2799	339
2799	626
2800	916
2800	1046
2800	5368
2800	5655
2801	1078
2801	1289
2801	5442
2802	92
2802	5197
2803	1454
2803	5656
2803	5657
2804	5374
2804	5375
2804	5658
2805	5659
2805	5660
2805	5661
2805	5662
2805	5663
2806	60
2807	106
2807	5664
2807	5665
2808	143
2808	5572
2809	5180
2809	5666
2810	73
2810	934
2810	3096
2811	1043
2811	5667
2811	5668
2811	5669
2812	1678
2812	5670
2813	5321
2813	5671
2814	5237
2814	5238
2815	5237
2815	5238
2816	556
2816	593
2816	5645
2817	556
2817	593
2817	5645
2818	92
2818	5672
2819	5673
2819	5674
2819	5675
2820	2318
2821	1693
2821	5676
2822	5677
2822	5678
2822	5679
2823	1929
2823	5680
2823	5681
2824	5682
2824	5683
2825	609
2826	1524
2826	5257
2827	72
2827	104
2827	273
2828	1056
2828	1572
2828	5684
2829	5157
2829	5685
2829	5686
2829	5687
2829	5688
2829	5689
2829	5690
2830	4009
2830	5691
2830	5692
2831	5693
2831	5694
2831	5695
2831	5696
2831	5697
2832	65
2833	5698
2833	5699
2834	289
2834	1524
2835	2550
2835	5700
2835	5701
2836	5702
2836	5703
2837	5704
2837	5705
2837	5706
2837	5707
2838	5708
2838	5709
2838	5710
2839	5711
2840	466
2840	5712
2841	5713
2841	5714
2842	5715
2842	5716
2843	5629
2844	5717
2844	5718
2845	5719
2845	5720
2846	5721
2847	2666
2847	5722
2848	5723
2849	5724
2850	5725
2850	5726
2850	5727
2851	5728
2851	5729
2851	5730
2852	5731
2852	5732
2852	5733
2852	5734
2853	546
2853	2031
2854	5271
2855	2817
2855	5735
2855	5736
2856	5737
2856	5738
2857	5739
2857	5740
2857	5741
2858	5742
2858	5743
2859	5744
2859	5745
2859	5746
2860	5747
2860	5748
2860	5749
2860	5750
2861	3203
2861	5751
2861	5752
2861	5753
2861	5754
2862	1586
2862	1896
2862	1897
2862	5755
2862	5756
2862	5757
2863	1601
2863	1604
2863	1605
2864	1185
2864	5758
2864	5759
2865	1623
2865	5760
2865	5761
2865	5762
2865	5763
2866	781
2866	5764
2867	1190
2867	4372
2867	5765
2867	5766
2867	5767
2867	5768
2867	5769
2868	1164
2868	2695
2868	2782
2868	4361
2868	4764
2868	4765
2868	5770
2868	5771
2869	5771
2870	1179
2870	1211
2870	5772
2870	5773
2870	5774
2870	5775
2871	1240
2871	4174
2871	4211
2871	4560
2871	5776
2871	5777
2871	5778
2872	1237
2872	4174
2872	5779
2873	1109
2873	4569
2873	4732
2874	1656
2874	1657
2874	4318
2874	5780
2875	406
2875	1115
2876	1115
2875	5781
2875	5782
2877	445
2878	445
2878	5783
2878	5784
2878	5785
2879	507
2879	509
2879	1139
2879	3206
2879	4570
2879	4571
2880	4289
2880	5786
2880	5787
2881	1638
2881	5788
2881	5789
2881	5790
2882	5790
2883	439
2883	809
2883	1645
2883	5791
2883	5792
2884	435
2884	5793
2884	5794
2884	5795
2884	5796
2884	5797
2885	464
2885	496
2885	1163
2885	1595
2885	5798
2886	781
2886	782
2886	5799
2887	445
2887	5800
2887	5801
2888	5751
2888	5752
2888	5753
2888	5754
2888	5802
2888	5803
2888	5804
2889	5805
2889	5806
2889	5807
2890	217
2890	3082
2890	3225
2890	4514
2891	4514
2892	5808
2892	5809
2892	5810
2892	5811
2893	491
2893	843
2894	5812
2895	5813
2895	5814
2895	5815
2896	5816
2896	5817
2896	5818
2896	5819
2897	5820
2897	5821
2897	5822
2897	5823
2897	5824
2898	1980
2898	5825
2899	5826
2899	5827
2899	5828
2900	5829
2900	5830
2901	5464
2901	5831
2902	5832
2902	5833
2902	5834
2903	4871
2903	5451
2904	5835
2904	5836
2905	5475
2905	5837
2906	5838
2906	5839
2907	5840
2907	5841
2907	5842
2908	5268
2909	5843
2909	5844
2910	5845
2911	170
2911	623
2911	624
2912	6
2912	92
2912	2631
2913	88
2913	750
2914	81
2914	5846
2915	5847
2915	5848
2916	1046
2916	1517
2916	5368
2917	182
2917	632
2918	21
2918	81
2918	229
2918	5491
2919	178
2919	2487
2920	3921
2920	5138
2920	5849
2920	5850
2920	5851
2921	5852
2921	5853
2922	81
2922	152
2922	5854
2923	75
2924	711
2924	714
2924	5855
2925	73
2925	2827
2925	2828
2926	571
2926	572
2926	5856
2927	593
2927	5857
2928	552
2928	5858
2929	2170
2929	5214
2930	634
2930	5388
2930	5389
2931	211
2931	5025
2931	5859
2932	1
2932	5378
2932	5860
2933	1823
2933	1922
2933	3096
2933	4066
2934	130
2934	544
2934	603
2934	951
2934	2585
2934	5861
2935	5862
2936	54
2936	1815
2937	651
2937	652
2937	653
2937	654
2937	5863
2938	5864
2938	5865
2939	65
2939	989
2940	41
2940	95
2940	99
2941	188
2941	5866
2941	5867
2941	5868
2942	129
2942	273
2942	707
2942	5869
2942	5870
2943	990
2943	5871
2944	41
2944	99
2944	246
2944	5681
2945	5872
2946	30
2946	31
2946	343
2947	30
2947	31
2947	99
2947	246
2947	343
2947	557
2948	1893
2948	5646
2948	5873
2949	130
2949	951
2949	5874
2949	5875
2950	5516
2950	5876
2951	1699
2951	5877
2951	5878
2951	5879
2952	129
2952	2843
2952	5880
2952	5881
2953	5882
2954	110
2954	111
2954	129
2954	292
2954	5583
2955	5883
2955	5884
2956	5321
2956	5885
2956	5886
2957	211
2957	5024
2957	5025
2957	5026
2957	5027
2958	5887
2958	5888
2959	773
2959	5889
2959	5890
2960	5891
2960	5892
2960	5893
2960	5894
2960	5895
2960	5896
2960	5897
2960	5898
2961	590
2961	593
2961	5899
2961	5900
2962	72
2962	73
2962	626
2962	714
2963	60
2963	668
2963	916
2963	5366
2963	5491
2964	624
2964	5366
2965	724
2965	729
2965	5134
2966	69
2966	73
2966	74
2967	2471
2967	2611
2967	5130
2967	5901
2968	52
2968	53
2968	1815
2969	560
2969	5902
2970	60
2970	5395
2970	5396
2971	760
2971	934
2971	935
2971	5903
2972	676
2972	677
2972	5904
2973	5905
2974	5905
2975	104
2975	273
2975	1843
2975	5906
2976	5159
2977	83
2977	125
2977	3548
2978	2468
2978	5907
2978	5908
2979	953
2979	3107
2979	5909
2980	1509
2980	5568
2980	5910
2981	73
2981	104
2981	5911
2982	104
2982	273
2982	662
2983	1815
2983	5912
2983	5913
2984	5914
2984	5915
2985	1024
2985	2527
2985	5916
2986	62
2986	5917
2987	81
2987	548
2987	5918
2987	5919
2988	5920
2989	726
2989	1697
2990	900
2990	5921
2990	5922
2991	5923
2991	5924
2991	5925
2991	5926
2992	92
2992	941
2993	41
2993	95
2993	99
2993	246
2994	41
2994	918
2995	1940
2995	5927
2995	5928
2996	542
2996	865
2996	1785
2997	5338
2997	5339
2998	73
2998	5929
2998	5930
2999	165
2999	618
2999	1444
2999	5301
2999	5931
2999	5932
2999	5933
2999	5934
2999	5935
2999	5936
3000	554
3000	556
3000	3827
3000	5937
3001	228
3001	267
3002	167
3002	5938
3002	5939
3003	597
3003	1686
3003	5940
3004	5646
3004	5648
3004	5941
3005	5942
3005	5943
3006	170
3006	5179
3006	5690
3006	5944
3007	2369
3007	5945
3007	5946
3007	5947
3008	0
3008	5948
3008	5949
3008	5950
3009	5885
3009	5951
3009	5952
3010	560
3010	5953
3010	5954
3010	5955
3011	1536
3011	5956
3011	5957
3011	5958
3011	5959
3012	1524
3012	5175
3013	1526
3013	5257
3014	3298
3015	725
3015	1310
3015	5960
3015	5961
3015	5962
3016	5925
3016	5963
3016	5964
3017	5965
3017	5966
3017	5967
3017	5968
