0	301
0	597
0	599
0	126
0	494
0	562
0	443
0	559
0	24
0	373
0	593
0	234
0	603
0	543
0	330
0	90
0	356
0	146
0	100
0	10
0	259
0	263
0	580
0	411
0	379
0	470
0	457
0	39
0	374
0	281
0	415
0	611
0	288
0	81
0	45
0	232
0	604
0	165
0	107
0	161
0	212
0	190
0	480
0	80
0	314
0	255
0	176
0	434
0	361
0	433
0	194
0	27
0	490
0	587
0	602
0	530
0	233
0	201
0	515
0	601
0	584
0	287
0	501
0	186
0	230
0	106
0	522
0	304
0	499
0	406
0	294
0	257
0	75
0	68
0	282
0	118
0	112
0	18
0	241
0	127
0	73
0	245
0	596
0	341
0	421
0	517
0	366
0	477
0	157
0	22
0	548
0	188
0	122
0	28
0	428
0	519
0	492
0	71
0	429
0	311
0	347
0	89
0	503
0	240
0	504
0	204
0	325
0	262
0	280
0	355
0	578
0	451
0	549
0	407
0	84
0	486
0	83
0	20
0	243
0	120
0	213
0	418
0	380
0	557
0	76
0	248
0	36
0	423
0	222
0	23
0	426
0	200
0	310
0	148
0	581
0	17
0	436
0	524
0	354
0	390
0	435
0	60
0	206
0	483
0	271
0	554
0	162
0	123
0	72
0	568
0	65
0	475
0	97
0	357
0	481
0	368
0	460
0	513
0	177
0	389
0	419
0	147
0	272
0	539
0	303
0	78
0	13
1	431
1	432
1	100
1	126
1	494
1	37
1	559
1	525
1	340
1	54
1	463
1	540
1	91
1	312
1	543
1	24
1	534
1	374
1	412
1	267
1	101
1	483
1	280
1	413
1	580
1	379
1	470
1	457
1	50
1	39
1	108
1	288
1	81
1	232
1	604
1	128
1	98
1	335
1	241
1	356
1	447
1	255
1	158
1	53
1	589
1	289
1	408
1	46
1	395
1	515
1	156
1	400
1	300
1	119
1	497
1	179
1	191
1	245
1	124
1	104
1	93
1	550
1	146
1	569
1	224
1	129
1	344
1	190
1	480
1	195
1	168
1	230
1	333
1	522
1	142
1	257
1	75
1	229
1	206
1	388
1	448
1	204
1	504
1	503
1	517
1	285
1	157
1	22
1	418
1	548
1	122
1	28
1	428
1	519
1	196
1	612
1	347
1	41
1	89
1	95
1	345
1	585
1	561
1	5
1	262
1	36
1	12
1	451
1	594
1	549
1	446
1	20
1	38
1	243
1	572
1	120
1	213
1	407
1	271
1	486
1	192
1	260
1	554
1	222
1	23
1	200
1	277
1	307
1	568
1	228
1	393
1	17
1	436
1	524
1	354
1	351
1	482
1	148
1	556
1	581
1	609
1	370
1	65
1	574
1	423
1	357
1	513
1	392
1	125
1	184
1	605
1	498
1	14
1	532
1	7
1	544
1	460
1	78
2	577
2	384
2	294
2	286
2	155
2	414
2	329
2	522
2	365
2	430
2	268
2	397
2	124
2	27
2	396
2	501
2	218
2	447
2	255
2	434
2	19
2	64
2	374
2	379
2	580
2	190
2	596
2	46
2	565
2	308
2	10
2	232
2	421
2	604
2	298
2	263
2	534
2	100
2	279
2	599
2	494
2	562
2	74
2	591
2	103
2	24
2	234
2	543
2	275
2	90
2	267
2	335
2	341
2	356
2	558
2	93
2	576
2	44
2	146
2	313
2	483
2	519
2	123
2	270
2	192
2	612
2	489
2	428
2	67
2	41
2	157
2	517
2	503
2	240
2	204
2	34
2	423
2	557
2	95
2	63
2	243
2	20
2	377
2	76
2	549
2	355
2	306
2	262
2	325
2	561
2	81
2	309
2	101
2	65
2	357
2	450
2	203
2	217
2	448
2	292
2	482
2	354
2	537
2	320
2	581
2	350
2	25
2	277
2	97
2	162
2	568
2	556
2	15
2	388
2	14
2	13
2	498
2	605
2	184
2	460
2	368
2	392
2	125
2	260
2	288
3	120
3	36
3	525
3	313
3	24
3	559
3	431
3	494
3	599
3	597
3	161
3	607
3	534
3	263
3	341
3	165
3	81
3	108
3	374
3	39
3	457
3	580
3	212
3	414
3	280
3	421
3	483
3	567
3	604
3	101
3	356
3	576
3	5
3	111
3	490
3	394
3	462
3	502
3	138
3	255
3	139
3	30
3	362
3	124
3	558
3	127
3	384
3	142
3	274
3	522
3	365
3	430
3	268
3	230
3	258
3	129
3	103
3	505
3	241
3	60
3	396
3	203
3	270
3	192
3	311
3	28
3	122
3	531
3	41
3	548
3	22
3	157
3	477
3	285
3	517
3	240
3	583
3	557
3	380
3	278
3	309
3	549
3	345
3	572
3	76
3	486
3	450
3	65
3	586
3	382
3	264
3	318
3	436
3	17
3	391
3	25
3	222
3	554
3	162
3	448
3	556
3	283
3	529
3	568
3	544
3	357
3	481
3	147
3	125
3	401
3	460
3	513
3	99
3	184
3	605
3	13
3	487
3	97
4	232
4	37
4	126
4	510
4	560
4	107
4	31
4	128
4	604
4	217
4	288
4	58
4	496
4	374
4	411
4	383
4	566
4	421
4	24
4	448
4	81
4	55
4	241
4	525
4	399
4	375
4	433
4	331
4	434
4	371
4	176
4	255
4	187
4	30
4	297
4	18
4	290
4	518
4	305
4	430
4	480
4	103
4	10
4	93
4	526
4	211
4	354
4	196
4	393
4	492
4	28
4	531
4	22
4	157
4	285
4	517
4	503
4	240
4	204
4	557
4	380
4	418
4	345
4	213
4	572
4	377
4	446
4	486
4	578
4	252
4	327
4	17
4	311
4	248
4	350
4	588
4	277
4	200
4	6
4	256
4	162
4	568
4	72
4	78
4	539
4	388
4	13
4	184
4	460
4	481
4	97
4	574
4	423
4	270
4	351
4	237
4	349
4	561
4	36
5	18
5	605
5	13
5	14
5	7
5	544
5	419
5	147
5	303
5	78
5	293
5	556
5	162
5	554
5	527
5	256
5	29
5	426
5	581
5	320
5	391
5	436
5	354
5	203
5	481
5	97
5	475
5	586
5	325
5	5
5	306
5	36
5	541
5	549
5	407
5	38
5	572
5	63
5	120
5	438
5	594
5	157
5	592
5	67
5	122
5	429
5	612
5	302
5	248
5	351
5	143
5	423
5	95
5	118
5	60
5	280
5	550
5	505
5	44
5	422
5	10
5	51
5	230
5	464
5	244
5	518
5	290
5	466
5	75
5	131
5	515
5	201
5	27
5	462
5	261
5	158
5	176
5	30
5	501
5	46
5	68
5	421
5	356
5	360
5	596
5	411
5	221
5	457
5	405
5	39
5	374
5	424
5	281
5	611
5	81
5	341
5	151
5	31
5	534
5	417
5	494
5	37
5	24
5	55
5	463
5	211
5	543
5	525
5	445
5	148
5	545
6	197
6	143
6	65
6	97
6	357
6	513
6	392
6	460
6	487
6	184
6	351
6	7
6	539
6	283
6	293
6	556
6	554
6	200
6	277
6	307
6	393
6	272
6	311
6	324
6	519
6	234
6	306
6	578
6	535
6	451
6	549
6	486
6	76
6	446
6	120
6	416
6	345
6	95
6	557
6	583
6	34
6	503
6	157
6	548
6	531
6	28
6	581
6	320
6	271
6	269
6	462
6	371
6	514
6	447
6	314
6	80
6	164
6	403
6	241
6	358
6	118
6	155
6	175
6	258
6	10
6	422
6	511
6	229
6	523
6	525
6	441
6	144
6	21
6	49
6	292
6	602
6	448
6	203
6	123
6	483
6	280
6	580
6	457
6	473
6	81
6	596
6	432
6	259
6	126
6	308
6	113
6	55
6	400
6	214
6	66
6	149
6	604
7	417
7	494
7	431
7	525
7	54
7	463
7	540
7	259
7	55
7	161
7	202
7	534
7	165
7	137
7	604
7	81
7	288
7	496
7	374
7	39
7	90
7	607
7	229
7	245
7	239
7	469
7	111
7	515
7	42
7	191
7	589
7	433
7	30
7	584
7	181
7	0
7	362
7	358
7	384
7	244
7	582
7	287
7	43
7	422
7	44
7	505
7	356
7	414
7	274
7	483
7	368
7	392
7	481
7	65
7	143
7	69
7	429
7	71
7	122
7	531
7	386
7	207
7	285
7	517
7	557
7	36
7	120
7	486
7	549
7	541
7	280
7	460
7	487
7	278
7	605
7	551
7	123
7	585
7	101
7	203
7	32
7	354
7	524
7	436
7	17
7	225
7	450
7	426
7	148
7	388
7	334
7	556
7	147
7	527
7	29
7	23
7	150
7	389
8	562
8	39
8	494
8	266
8	128
8	424
8	374
8	438
8	50
8	470
8	60
8	435
8	450
8	217
8	448
8	536
8	559
8	305
8	55
8	30
8	297
8	358
8	118
8	257
8	518
8	198
8	329
8	365
8	287
8	190
8	344
8	10
8	146
8	526
8	543
8	373
8	24
8	354
8	311
8	17
8	612
8	196
8	492
8	28
8	41
8	548
8	247
8	22
8	157
8	240
8	309
8	345
8	63
8	572
8	486
8	121
8	36
8	331
8	524
8	248
8	143
8	350
8	148
8	554
8	260
8	568
8	293
8	78
8	539
8	388
8	14
8	605
8	551
8	184
8	460
8	481
8	609
8	370
8	192
8	114
8	561
8	542
8	602
8	253
8	47
8	262
8	194
9	335
9	543
9	234
9	197
9	86
9	308
9	161
9	534
9	466
9	510
9	485
9	81
9	288
9	424
9	50
9	432
9	444
9	142
9	582
9	132
9	339
9	16
9	508
9	322
9	113
9	478
9	396
9	251
9	241
9	520
9	118
9	384
9	316
9	459
9	565
9	470
9	580
9	414
9	69
9	327
9	196
9	492
9	519
9	122
9	452
9	418
9	213
9	407
9	451
9	317
9	262
9	325
9	561
9	311
9	348
9	192
9	65
9	179
9	217
9	354
9	269
9	537
9	588
9	260
9	221
9	367
9	388
9	437
9	14
9	13
9	184
9	460
9	586
9	272
9	143
9	566
10	478
10	415
10	81
10	454
10	128
10	137
10	31
10	432
10	126
10	494
10	193
10	37
10	64
10	424
10	39
10	470
10	235
10	411
10	35
10	123
10	60
10	58
10	438
10	77
10	587
10	49
10	525
10	360
10	526
10	466
10	521
10	239
10	10
10	224
10	253
10	287
10	106
10	499
10	406
10	518
10	290
10	297
10	449
10	245
10	26
10	230
10	203
10	135
10	354
10	207
10	157
10	503
10	557
10	467
10	380
10	552
10	448
10	418
10	594
10	213
10	592
10	63
10	20
10	446
10	76
10	578
10	355
10	262
10	5
10	325
10	24
10	372
10	54
10	572
10	122
10	543
10	428
10	28
10	481
10	99
10	498
10	13
10	14
10	423
10	248
10	460
10	544
10	303
10	293
10	393
10	581
10	319
10	492
10	311
11	514
11	434
11	580
11	331
11	433
11	421
11	414
11	280
11	585
11	354
11	515
11	30
11	113
11	396
11	104
11	577
11	374
11	128
11	31
11	266
11	494
11	39
11	562
11	50
11	37
11	457
11	41
11	55
11	463
11	330
11	335
11	146
11	422
11	287
11	430
11	365
11	518
11	290
11	68
11	297
11	24
11	588
11	441
11	612
11	524
11	36
11	317
11	549
11	486
11	377
11	248
11	309
11	557
11	240
11	503
11	517
11	157
11	22
11	207
11	380
11	67
11	270
11	357
11	148
11	25
11	200
11	426
11	554
11	162
11	72
11	556
11	78
11	147
11	14
11	13
11	605
11	184
11	460
11	392
11	481
11	586
11	28
12	434
12	53
12	164
12	442
12	388
12	437
12	14
12	184
12	481
12	357
12	586
12	574
12	423
12	270
12	248
12	302
12	311
12	429
12	492
12	28
12	122
12	22
12	157
12	285
12	503
12	204
12	380
12	345
12	572
12	377
12	12
12	5
12	325
12	147
12	538
12	556
12	554
12	274
12	172
12	103
12	146
12	526
12	90
12	291
12	55
12	24
12	431
12	37
12	161
12	560
12	107
12	162
12	128
12	81
12	426
12	148
12	17
12	524
12	217
12	604
12	483
12	280
12	212
12	383
12	411
12	39
12	496
12	421
12	126
13	27
13	321
13	147
13	554
13	509
13	78
13	419
13	544
13	605
13	481
13	97
13	423
13	143
13	302
13	492
13	428
13	157
13	503
13	222
13	34
13	148
13	436
13	24
13	37
13	494
13	100
13	465
13	128
13	281
13	163
13	596
13	173
13	280
13	123
13	318
13	524
13	409
13	17
13	583
13	519
13	418
13	497
13	462
13	255
13	115
13	384
13	499
13	268
13	230
13	309
13	569
13	239
13	576
13	330
13	525
13	49
13	10
13	572
13	5
13	133
13	355
13	12
13	407
13	486
13	76
13	38
13	95
13	63
13	345
13	211
14	611
14	571
14	269
14	432
14	536
14	597
14	604
14	130
14	436
14	260
14	256
14	342
14	393
14	599
14	354
14	483
14	126
14	605
14	55
14	501
14	102
14	563
14	166
14	440
14	164
14	11
14	369
14	73
14	155
14	346
14	505
14	444
14	312
14	234
14	313
14	282
14	529
14	245
14	147
14	539
14	301
14	325
14	306
14	133
14	451
14	407
14	76
14	309
14	204
14	285
14	247
14	386
14	122
14	345
14	489
14	428
14	141
14	498
14	570
14	368
14	513
14	487
14	7
14	65
14	370
14	612
14	429
14	97
15	103
15	518
15	384
15	274
15	44
15	463
15	466
15	455
15	90
15	525
15	127
15	239
15	110
15	578
15	362
15	501
15	139
15	462
15	434
15	153
15	469
15	178
15	157
15	517
15	418
15	243
15	407
15	24
15	512
15	431
15	123
15	279
15	203
15	292
15	354
15	436
15	148
15	23
15	162
15	568
15	389
15	551
15	487
15	368
15	392
15	481
15	28
15	207
15	450
15	280
15	580
15	411
15	457
15	39
15	374
15	424
15	496
15	288
15	298
15	107
15	161
15	494
15	301
15	365
16	492
16	460
16	99
16	544
16	147
16	303
16	11
16	423
16	72
16	426
16	217
16	203
16	390
16	438
16	60
16	162
16	196
16	28
16	122
16	325
16	5
16	36
16	355
16	407
16	572
16	63
16	213
16	345
16	418
16	309
16	380
16	503
16	517
16	22
16	421
16	470
16	277
16	424
16	276
16	253
16	85
16	433
16	434
16	102
16	457
16	294
16	106
16	195
16	287
16	565
16	10
16	239
16	312
16	297
16	54
16	552
16	281
16	58
16	81
16	454
16	432
16	468
16	128
16	562
16	37
16	559
16	24
16	372
16	494
17	45
17	448
17	161
17	81
17	424
17	457
17	483
17	410
17	277
17	99
17	527
17	529
17	539
17	532
17	125
17	392
17	605
17	259
17	13
17	23
17	597
17	55
17	126
17	500
17	70
17	361
17	52
17	351
17	563
17	584
17	241
17	338
17	296
17	152
17	224
17	10
17	422
17	49
17	197
17	211
17	443
17	562
17	599
17	84
17	214
17	503
17	519
17	325
17	5
17	201
17	133
17	306
17	451
17	446
17	243
17	345
17	557
17	87
18	548
18	22
18	157
18	285
18	34
18	549
18	213
18	120
18	572
18	20
18	122
18	355
18	36
18	345
18	492
18	248
18	196
18	17
18	256
18	162
18	78
18	147
18	389
18	468
18	605
18	392
18	481
18	192
18	347
18	311
18	429
18	184
18	204
18	599
18	54
18	354
18	30
18	2
18	124
18	297
18	127
18	75
18	565
18	290
18	384
18	106
18	244
18	411
18	383
18	203
18	448
18	518
18	239
18	409
18	356
18	100
18	607
18	510
18	107
18	165
18	137
18	604
18	81
18	39
18	457
18	494
18	37
18	308
18	559
18	576
18	24
18	543
19	248
19	434
19	561
19	36
19	486
19	270
19	351
19	377
19	63
19	213
19	380
19	557
19	240
19	503
19	285
19	207
19	28
19	311
19	418
19	30
19	383
19	50
19	354
19	17
19	228
19	588
19	426
19	217
19	256
19	554
19	78
19	184
19	460
19	357
19	574
19	423
19	281
19	236
19	58
19	232
19	68
19	430
19	195
19	287
19	103
19	10
19	93
19	288
19	24
19	494
19	126
19	560
19	107
19	128
19	604
19	562
19	411
20	291
20	304
20	55
20	450
20	60
20	101
20	421
20	212
20	580
20	593
20	496
20	232
20	165
20	534
20	100
20	494
20	24
20	81
20	39
20	341
20	543
20	349
20	433
20	434
20	462
20	30
20	501
20	127
20	75
20	384
20	499
20	522
20	96
20	230
20	190
20	239
20	558
20	356
20	234
20	228
20	391
20	78
20	162
20	36
20	355
20	549
20	416
20	204
20	504
20	503
20	157
20	309
20	122
20	28
20	311
20	586
20	264
20	481
20	513
20	437
20	22
20	147
21	88
21	447
21	434
21	27
21	578
21	306
21	36
21	407
21	288
21	602
21	599
21	229
21	315
21	431
21	308
21	24
21	197
21	291
21	540
21	91
21	446
21	521
21	239
21	126
21	243
21	525
21	34
21	583
21	42
21	79
21	170
21	97
21	481
21	551
21	605
21	59
21	493
21	13
21	23
21	365
21	277
21	426
21	285
21	302
21	609
21	171
21	423
21	390
21	524
21	436
21	17
21	470
22	388
22	14
22	437
22	532
22	283
22	581
22	527
22	25
22	13
22	17
22	441
22	78
22	487
22	248
22	264
22	486
22	594
22	309
22	467
22	34
22	157
22	125
22	41
22	324
22	84
22	385
22	354
22	143
22	475
22	492
22	292
22	424
22	280
22	578
22	490
22	362
22	241
22	359
22	518
22	459
22	287
22	565
22	505
22	525
22	312
22	291
22	463
22	308
22	431
22	443
22	315
22	126
22	597
22	137
22	151
22	604
22	571
22	108
22	476
22	457
22	566
22	580
22	390
22	432
22	36
23	99
23	239
23	564
23	10
23	195
23	106
23	376
23	434
23	433
23	85
23	27
23	253
23	487
23	423
23	248
23	311
23	196
23	28
23	122
23	22
23	157
23	366
23	204
23	309
23	213
23	63
23	355
23	13
23	552
23	54
23	481
23	24
23	147
23	372
23	283
23	11
23	72
23	162
23	256
23	524
23	32
23	390
23	438
23	421
23	411
23	470
23	203
23	37
23	457
23	562
23	494
23	468
23	107
23	432
23	232
23	559
23	454
23	81
23	473
23	128
24	24
24	543
24	54
24	372
24	559
24	128
24	494
24	468
24	432
24	31
24	49
24	37
24	525
24	289
24	564
24	146
24	10
24	224
24	287
24	499
24	518
24	294
24	453
24	102
24	478
24	27
24	232
24	521
24	454
24	5
24	415
24	325
24	456
24	578
24	451
24	572
24	63
24	213
24	418
24	382
24	309
24	503
24	122
24	492
24	81
24	324
24	248
24	423
24	481
24	13
24	14
24	544
24	303
24	203
24	390
24	438
24	60
24	35
24	470
24	311
24	253
24	592
25	76
25	99
25	14
25	147
25	539
25	260
25	277
25	546
25	581
25	217
25	280
25	363
25	510
25	279
25	369
25	308
25	368
25	125
25	586
25	423
25	351
25	84
25	492
25	519
25	67
25	386
25	285
25	234
25	583
25	380
25	418
25	446
25	451
25	578
25	306
25	5
25	467
25	91
25	537
25	90
25	525
25	208
25	189
25	461
25	70
25	245
25	459
25	142
25	268
25	575
25	160
25	51
25	598
25	103
25	422
25	356
25	526
25	455
26	370
26	423
26	141
26	14
26	529
26	293
26	556
26	25
26	260
26	200
26	596
26	148
26	524
26	354
26	217
26	270
26	150
26	351
26	204
26	347
26	379
26	36
26	355
26	12
26	486
26	306
26	5
26	561
26	76
26	377
26	392
26	240
26	503
26	22
26	531
26	429
26	302
26	513
26	470
26	385
26	288
26	50
26	136
26	506
26	434
26	586
26	397
26	103
26	116
26	10
26	357
26	576
26	146
26	232
26	604
26	485
26	81
26	562
26	308
26	341
26	534
27	432
27	550
27	335
27	525
27	291
27	599
27	597
27	510
27	374
27	604
27	473
27	476
27	470
27	411
27	421
27	101
27	354
27	263
27	524
27	389
27	537
27	357
27	270
27	143
27	192
27	348
27	248
27	385
27	311
27	205
27	285
27	204
27	5
27	76
27	382
27	408
27	16
27	339
27	481
27	513
27	28
27	460
27	392
27	391
27	25
27	588
27	200
27	554
27	162
27	260
27	150
27	316
27	539
27	568
27	605
27	177
27	487
27	7
27	388
27	272
27	190
28	498
28	429
28	125
28	357
28	586
28	65
28	423
28	143
28	489
28	309
28	67
28	590
28	243
28	38
28	76
28	12
28	355
28	147
28	519
28	306
28	303
28	7
28	600
28	282
28	155
28	169
28	493
28	51
28	598
28	558
28	540
28	308
28	74
28	90
28	597
28	260
28	25
28	279
28	537
28	173
28	391
28	64
28	420
28	604
28	596
28	13
29	217
29	554
29	148
29	17
29	524
29	354
29	542
29	50
29	145
29	78
29	194
29	114
29	434
29	199
29	297
29	358
29	257
29	518
29	198
29	499
29	287
29	190
29	146
29	330
29	543
29	373
29	55
29	559
29	308
29	279
29	31
29	128
29	288
29	496
29	39
29	435
29	450
29	293
29	612
29	22
29	41
29	531
29	28
29	196
29	89
29	503
29	586
29	481
29	99
29	605
29	13
29	437
29	388
29	609
29	539
29	240
29	345
29	572
29	486
29	121
29	36
29	262
29	309
30	234
30	312
30	168
30	459
30	155
30	570
30	18
30	159
30	528
30	223
30	282
30	154
30	451
30	1
30	313
30	8
30	309
30	382
30	345
30	38
30	76
30	407
30	549
30	87
30	325
30	56
30	55
30	256
30	597
30	207
30	238
30	489
30	429
30	612
30	385
30	351
30	65
30	357
30	487
30	605
30	141
30	7
30	147
30	301
30	342
30	393
30	441
30	221
30	536
30	611
30	81
30	604
30	151
30	137
30	599
30	247
30	503
31	49
31	562
31	468
31	432
31	151
31	128
31	454
31	81
31	64
31	424
31	470
31	248
31	385
31	84
31	311
31	492
31	122
31	503
31	467
31	309
31	418
31	213
31	416
31	446
31	76
31	5
31	54
31	543
31	325
31	526
31	253
31	456
31	289
31	21
31	26
31	142
31	287
31	224
31	544
31	200
31	438
31	10
31	301
31	521
31	14
31	13
31	460
31	423
31	576
32	36
32	83
32	572
32	504
32	503
32	157
32	519
32	5
32	411
32	303
32	84
32	112
32	406
32	464
32	10
32	356
32	234
32	593
32	463
32	148
32	559
32	599
32	288
32	611
32	281
32	374
32	241
32	245
32	396
32	462
32	423
32	475
32	481
32	513
32	419
32	483
32	150
32	319
32	162
32	23
32	426
32	277
32	310
32	201
32	530
32	434
32	256
32	24
32	526
33	200
33	562
33	211
33	341
33	576
33	146
33	10
33	116
33	103
33	397
33	164
33	434
33	147
33	14
33	392
33	513
33	357
33	423
33	370
33	270
33	351
33	385
33	347
33	302
33	534
33	604
33	308
33	50
33	529
33	556
33	561
33	5
33	306
33	36
33	355
33	12
33	486
33	288
33	377
33	63
33	76
33	240
33	22
33	531
33	429
33	260
33	148
33	524
33	354
33	217
33	204
33	483
33	470
34	116
34	103
34	464
34	10
34	164
34	434
34	397
34	146
34	136
34	341
34	357
34	586
34	423
34	576
34	385
34	347
34	302
34	429
34	531
34	22
34	503
34	240
34	204
34	377
34	76
34	486
34	12
34	355
34	36
34	306
34	561
34	513
34	392
34	270
34	566
34	604
34	81
34	288
34	50
34	470
34	211
34	483
34	217
34	354
34	524
34	200
34	260
34	556
34	534
34	562
34	529
34	147
34	14
35	513
35	470
35	566
35	483
35	354
35	357
35	148
35	260
35	392
35	556
35	529
35	147
35	14
35	36
35	200
35	306
35	377
35	76
35	204
35	240
35	503
35	22
35	67
35	531
35	429
35	302
35	486
35	12
35	355
35	347
35	385
35	270
35	423
35	50
35	288
35	561
35	604
35	81
35	136
35	5
35	434
35	164
35	103
35	116
35	146
35	397
35	341
35	211
35	24
35	308
35	562
35	534
35	151
35	576
36	460
36	72
36	293
36	147
36	388
36	184
36	99
36	481
36	486
36	248
36	122
36	157
36	204
36	213
36	63
36	162
36	423
36	409
36	494
36	203
36	434
36	518
36	195
36	146
36	564
36	239
36	54
36	372
36	354
36	24
36	443
36	5
36	432
36	128
36	470
36	421
36	438
36	390
36	308
36	561
36	81
36	587
36	253
36	276
36	156
37	257
37	586
37	423
37	270
37	587
37	385
37	327
37	492
37	517
37	157
37	14
37	380
37	63
37	572
37	12
37	399
37	122
37	538
37	437
37	260
37	459
37	430
37	103
37	422
37	356
37	526
37	24
37	81
37	108
37	281
37	424
37	411
37	566
37	483
37	217
37	448
37	17
37	228
37	554
37	147
37	90
38	191
38	239
38	525
38	384
38	505
38	407
38	423
38	429
38	28
38	6
38	23
38	531
38	426
38	225
38	537
38	436
38	524
38	354
38	390
38	450
38	585
38	123
38	280
38	173
38	90
38	455
38	549
38	518
38	362
38	110
38	462
38	517
38	557
38	469
38	411
38	457
38	202
38	288
38	473
38	417
38	100
38	126
38	105
38	147
38	334
38	605
38	54
38	373
38	388
38	494
38	586
38	431
38	392
38	368
38	460
38	487
38	481
39	377
39	124
39	549
39	446
39	34
39	23
39	503
39	517
39	285
39	548
39	518
39	509
39	238
39	311
39	204
39	384
39	143
39	230
39	544
39	460
39	125
39	321
39	587
39	542
39	30
39	329
39	451
39	347
39	25
39	148
39	248
39	318
39	239
39	54
39	559
39	81
39	611
39	424
39	17
39	39
39	470
39	123
39	60
39	354
40	13
40	99
40	303
40	11
40	426
40	460
40	203
40	390
40	544
40	588
40	481
40	207
40	564
40	10
40	224
40	423
40	5
40	355
40	578
40	63
40	213
40	345
40	418
40	309
40	380
40	204
40	503
40	122
40	492
40	324
40	248
40	276
40	289
40	85
40	245
40	294
40	518
40	106
40	195
40	521
40	49
40	287
40	543
40	135
40	438
40	35
40	483
40	421
40	470
40	58
40	81
40	454
40	235
40	432
40	468
40	494
40	37
40	559
40	372
40	128
40	54
41	392
41	460
41	487
41	551
41	544
41	532
41	147
41	509
41	513
41	13
41	5
41	351
41	407
41	63
41	278
41	503
41	41
41	429
41	311
41	370
41	97
41	393
41	549
41	581
41	103
41	354
41	268
41	304
41	305
41	550
41	291
41	74
41	294
41	118
41	577
41	216
41	17
41	491
41	126
41	100
41	263
41	604
41	81
41	288
41	39
41	457
41	470
41	390
41	44
41	518
42	146
42	11
42	276
42	156
42	77
42	424
42	421
42	35
42	438
42	58
42	303
42	544
42	14
42	460
42	423
42	248
42	492
42	253
42	456
42	216
42	587
42	454
42	232
42	128
42	107
42	432
42	562
42	37
42	122
42	559
42	372
42	54
42	239
42	569
42	10
42	294
42	85
42	24
42	592
42	81
42	22
42	207
42	5
42	355
42	76
42	63
42	301
42	418
42	309
42	204
42	503
42	213
43	540
43	467
43	120
43	38
43	76
43	103
43	90
43	91
43	315
43	173
43	473
43	566
43	580
43	204
43	354
43	393
43	148
43	25
43	200
43	599
43	590
43	264
43	492
43	231
43	268
43	544
43	272
43	459
43	164
43	245
43	2
43	447
43	519
43	472
43	605
43	184
43	368
43	392
43	256
43	125
43	351
43	87
43	389
43	301
44	407
44	578
44	580
44	462
44	166
44	352
44	280
44	123
44	450
44	203
44	173
44	354
44	162
44	368
44	392
44	481
44	28
44	157
44	557
44	23
44	501
44	139
44	512
44	39
44	424
44	288
44	298
44	107
44	279
44	463
44	90
44	455
44	239
44	44
44	103
44	365
44	274
44	384
44	518
44	110
44	362
44	494
45	250
45	36
45	355
45	12
45	461
45	63
45	7
45	147
45	539
45	78
45	293
45	568
45	162
45	588
45	148
45	436
45	524
45	217
45	483
45	280
45	411
45	281
45	263
45	434
45	181
45	577
45	118
45	155
45	274
45	498
45	268
45	258
45	103
45	466
45	55
45	24
45	559
45	190
45	38
45	65
45	271
45	477
45	157
45	122
45	28
45	347
45	385
45	248
45	475
45	125
46	561
46	240
46	503
46	36
46	485
46	306
46	534
46	164
46	146
46	116
46	103
46	152
46	355
46	136
46	562
46	12
46	604
46	76
46	486
46	354
46	537
46	200
46	260
46	147
46	50
46	14
46	392
46	217
46	513
46	288
46	586
46	377
46	382
46	81
46	22
46	531
46	357
46	612
46	347
46	270
46	423
46	302
46	566
47	50
47	39
47	281
47	288
47	450
47	123
47	308
47	373
47	543
47	185
47	526
47	344
47	565
47	190
47	287
47	195
47	280
47	257
47	176
47	27
47	253
47	392
47	293
47	148
47	524
47	354
47	217
47	438
47	358
47	198
47	196
47	561
47	262
47	121
47	207
47	519
47	481
48	103
48	148
48	17
48	354
48	217
48	483
48	280
48	383
48	107
48	81
48	554
48	37
48	443
48	431
48	24
48	411
48	162
48	556
48	437
48	22
48	122
48	28
48	492
48	503
48	204
48	380
48	95
48	38
48	377
48	486
48	12
48	429
48	248
48	351
48	270
48	423
48	574
48	586
48	357
48	14
48	540
48	49
48	517
48	304
48	518
48	434
48	433
48	157
49	423
49	192
49	347
49	116
49	152
49	464
49	164
49	302
49	612
49	531
49	503
49	377
49	76
49	486
49	355
49	306
49	325
49	561
49	429
49	586
49	513
49	392
49	10
49	608
49	146
49	576
49	341
49	211
49	562
49	100
49	485
49	604
49	81
49	50
49	470
49	217
49	354
49	200
49	529
49	14
49	357
49	103
50	536
50	411
50	262
50	510
50	561
50	485
50	288
50	611
50	281
50	366
50	22
50	207
50	548
50	386
50	531
50	319
50	492
50	612
50	302
50	143
50	264
50	392
50	368
50	141
50	539
50	554
50	307
50	580
50	340
50	484
50	412
50	503
50	239
50	224
50	231
50	296
50	88
50	518
50	290
50	241
50	512
50	542
50	382
50	345
50	63
50	38
50	76
50	407
50	451
51	434
51	12
51	96
51	356
51	230
51	104
51	76
51	603
51	34
51	597
51	417
51	560
51	604
51	611
51	374
51	414
51	206
51	450
51	17
51	581
51	568
51	147
51	307
51	487
51	240
51	302
51	13
51	248
51	572
51	370
51	609
51	513
51	270
52	143
52	65
52	368
52	605
52	311
52	271
52	84
52	89
52	392
52	592
52	71
52	519
52	122
52	389
52	34
52	382
52	38
52	407
52	573
52	78
52	525
52	292
52	115
52	2
52	512
52	52
52	325
52	284
52	358
52	521
52	29
52	219
52	126
52	432
52	242
52	165
52	424
52	457
52	410
52	448
52	494
52	12
52	376
53	24
53	424
53	281
53	128
53	107
53	91
53	49
53	90
53	483
53	335
53	479
53	103
53	51
53	172
53	459
53	538
53	164
53	526
53	587
53	390
53	554
53	325
53	5
53	12
53	20
53	380
53	503
53	517
53	217
53	492
53	423
53	586
53	605
53	498
53	14
53	147
53	260
53	270
53	395
53	203
54	463
54	302
54	248
54	270
54	370
54	609
54	170
54	513
54	401
54	392
54	487
54	13
54	388
54	568
54	22
54	307
54	225
54	17
54	390
54	450
54	585
54	206
54	414
54	374
54	611
54	604
54	165
54	560
54	597
54	581
54	313
54	240
54	572
54	345
54	601
54	408
54	104
54	356
54	96
54	190
54	76
54	118
55	303
55	147
55	388
55	7
55	437
55	605
55	481
55	264
55	586
55	143
55	157
55	380
55	83
55	76
55	549
55	36
55	289
55	78
55	72
55	65
55	382
55	321
55	167
55	422
55	463
55	245
55	362
55	80
55	462
55	434
55	457
55	411
55	414
55	483
55	206
55	524
55	148
55	239
55	90
56	385
56	423
56	327
56	319
56	380
56	418
56	345
56	213
56	63
56	76
56	351
56	486
56	355
56	588
56	256
56	294
56	305
56	430
56	335
56	24
56	126
56	40
56	107
56	81
56	58
56	411
56	17
56	560
57	612
57	429
57	531
57	204
57	377
57	347
57	423
57	392
57	513
57	14
57	529
57	486
57	306
57	325
57	561
57	357
57	302
57	164
57	315
57	279
57	562
57	308
57	211
57	466
57	485
57	232
57	81
57	420
57	64
57	604
57	25
57	200
57	260
57	103
57	576
57	146
57	569
57	10
57	116
57	566
57	136
58	609
58	370
58	270
58	206
58	34
58	123
58	413
58	401
58	240
58	392
58	248
58	13
58	388
58	147
58	78
58	568
58	307
58	581
58	225
58	583
58	487
58	345
58	190
58	76
58	408
58	337
58	104
58	118
58	96
58	572
58	450
58	422
58	230
58	463
58	510
58	560
58	604
58	611
58	374
58	566
58	356
58	585
59	213
59	20
59	377
59	36
59	30
59	345
59	165
59	599
59	468
59	37
59	443
59	308
59	81
59	559
59	239
59	565
59	230
59	495
59	518
59	75
59	525
59	39
59	383
59	256
59	95
59	34
59	204
59	504
59	157
59	548
59	122
59	196
59	347
59	481
59	605
59	147
59	334
59	78
59	162
59	456
59	576
59	127
60	556
60	34
60	22
60	17
60	239
60	401
60	605
60	437
60	419
60	388
60	505
60	147
60	150
60	387
60	94
60	238
60	602
60	462
60	158
60	404
60	75
60	384
60	222
60	148
60	332
60	594
60	287
60	475
60	535
60	355
60	524
60	292
60	421
60	20
60	173
60	130
60	39
60	411
60	165
60	417
60	494
60	441
60	67
60	122
60	28
60	271
60	370
60	81
61	65
61	342
61	351
61	84
61	277
61	527
61	5
61	14
61	519
61	503
61	83
61	243
61	418
61	382
61	272
61	99
61	557
61	281
61	422
61	51
61	68
61	282
61	164
61	52
61	227
61	325
61	475
61	236
61	455
61	330
61	308
61	126
61	279
61	432
61	64
61	25
61	368
62	349
62	418
62	433
62	245
62	430
62	545
62	161
62	107
62	604
62	486
62	76
62	572
62	63
62	213
62	298
62	473
62	232
62	385
62	351
62	270
62	423
62	588
62	327
62	380
62	212
62	354
62	17
62	320
63	155
63	260
63	29
63	277
63	25
63	268
63	169
63	148
63	448
63	414
63	173
63	90
63	308
63	540
63	525
63	516
63	164
63	558
63	235
63	392
63	177
63	301
63	5
63	355
63	451
63	38
63	120
63	95
63	285
63	477
63	519
63	492
63	324
63	447
63	302
63	231
63	84
63	143
63	487
63	272
63	103
64	444
64	422
64	154
64	407
64	76
64	120
64	418
64	380
64	204
64	192
64	65
64	269
64	586
64	460
64	532
64	389
64	367
64	471
64	503
64	531
64	196
64	327
64	280
64	107
64	259
64	494
64	236
64	53
64	385
64	612
64	441
64	442
64	287
64	118
64	301
64	5
64	133
64	355
64	535
64	466
64	315
64	561
64	148
65	554
65	588
65	17
65	411
65	424
65	503
65	460
65	270
65	351
65	248
65	311
65	285
65	128
65	240
65	557
65	380
65	418
65	345
65	561
65	262
65	487
65	63
65	213
65	92
65	55
65	335
65	430
65	305
65	294
65	433
65	456
65	24
65	161
66	53
66	26
66	215
66	251
66	20
66	561
66	572
66	599
66	309
66	174
66	247
66	122
66	519
66	492
66	606
66	453
66	259
66	281
66	414
66	448
66	292
66	128
66	161
66	164
66	308
66	482
66	494
66	552
66	219
66	277
66	354
66	444
66	305
66	287
66	267
66	81
66	125
66	13
66	367
66	89
67	356
67	49
67	432
67	81
67	281
67	470
67	10
67	257
67	241
67	83
67	475
67	203
67	148
67	426
67	78
67	303
67	272
67	419
67	544
67	13
67	513
67	357
67	483
67	162
67	5
67	557
67	503
67	489
67	530
67	429
67	20
67	65
67	423
67	270
68	155
68	359
68	65
68	423
68	67
68	590
68	309
68	38
68	76
68	306
68	604
68	597
68	600
68	90
68	558
68	422
68	51
68	493
68	169
68	12
68	279
68	598
68	7
68	357
68	64
68	173
68	448
68	125
68	260
68	303
69	34
69	382
69	63
69	504
69	517
69	285
69	372
69	126
69	31
69	81
69	548
69	238
69	204
69	184
69	377
69	7
69	293
69	125
69	357
69	561
69	162
69	426
69	460
69	148
69	60
69	221
69	586
69	355
69	237
69	347
69	549
69	350
69	54
69	308
69	384
69	180
69	117
70	101
70	354
70	524
70	5
70	537
70	25
70	81
70	588
70	200
70	539
70	272
70	510
70	432
70	597
70	411
70	599
70	604
70	311
70	513
70	381
70	408
70	550
70	291
70	76
70	392
70	460
70	7
70	308
70	357
70	270
70	143
70	248
71	483
71	90
71	287
71	357
71	392
71	390
71	588
71	224
71	426
71	554
71	72
71	147
71	78
71	148
71	460
71	562
71	202
71	24
71	62
71	514
71	396
71	297
71	290
71	317
71	377
71	380
71	503
71	414
71	157
71	41
71	612
71	248
71	192
71	586
71	37
71	126
71	259
71	510
71	374
71	22
71	55
72	270
72	430
72	538
72	195
72	90
72	24
72	443
72	128
72	288
72	39
72	483
72	203
72	217
72	354
72	431
72	14
72	437
72	248
72	380
72	95
72	63
72	5
72	423
72	486
72	586
72	605
72	13
73	51
73	413
73	64
73	597
73	155
73	90
73	558
73	459
73	160
73	422
73	173
73	268
73	598
73	169
73	448
73	125
73	260
73	303
73	7
73	487
73	357
73	65
73	600
73	423
73	67
73	477
73	590
73	76
73	12
73	306
73	25
73	80
73	493
74	393
74	155
74	312
74	234
74	55
74	604
74	611
74	536
74	363
74	147
74	141
74	73
74	357
74	351
74	612
74	429
74	238
74	247
74	309
74	38
74	76
74	325
74	97
74	159
75	309
75	22
75	542
75	492
75	253
75	38
75	196
75	28
75	192
75	27
75	114
75	176
75	57
75	127
75	358
75	257
75	198
75	296
75	287
75	521
75	89
75	373
75	308
75	267
75	281
75	609
75	481
75	128
75	162
75	554
75	148
75	605
75	441
75	450
75	123
75	179
75	39
75	17
76	211
76	282
76	88
76	103
76	511
76	90
76	525
76	313
76	65
76	369
76	24
76	309
76	557
76	492
76	370
76	368
76	13
76	177
76	125
76	150
76	217
76	363
76	411
76	235
76	415
76	485
76	303
76	607
77	561
77	487
77	368
77	38
77	327
77	34
77	70
77	84
77	358
77	177
77	279
77	457
77	450
77	581
77	546
77	277
77	162
77	568
77	14
77	49
77	5
77	9
78	172
78	67
78	386
78	467
78	380
78	382
78	189
78	139
78	257
78	316
78	346
78	152
78	168
78	103
78	14
78	437
78	122
78	423
78	519
78	605
78	389
78	544
78	283
78	260
78	554
78	64
78	125
78	81
78	108
78	540
78	3
78	90
78	335
78	455
78	356
78	232
79	486
79	565
79	5
79	355
79	63
79	135
79	418
79	213
79	54
79	24
79	559
79	37
79	126
79	128
79	81
79	108
79	470
79	411
79	107
79	17
79	309
79	566
79	612
79	89
79	248
79	423
79	28
79	481
79	78
79	287
79	539
80	95
80	320
80	277
80	283
80	184
80	460
80	609
80	65
80	292
80	34
80	489
80	428
80	531
80	122
80	351
80	248
80	104
80	438
80	416
80	214
80	21
80	447
80	115
80	164
80	203
80	224
80	3
80	55
80	308
80	494
80	566
80	596
80	511
80	578
80	448
81	148
81	34
81	302
81	270
81	370
81	609
81	401
81	392
81	96
81	190
81	356
81	463
81	572
81	417
81	611
81	388
81	78
81	568
81	374
81	457
81	411
81	414
81	123
81	206
81	225
81	560
81	76
81	307
82	125
82	393
82	277
82	29
82	554
82	14
82	368
82	225
82	65
82	492
82	22
82	366
82	285
82	34
82	213
82	143
82	123
82	579
82	64
82	395
82	528
82	88
82	424
82	239
82	197
82	559
82	287
82	279
82	45
83	17
83	431
83	432
83	394
83	282
83	169
83	430
83	422
83	55
83	281
83	357
83	72
83	225
83	411
83	543
83	13
83	423
83	586
83	377
83	418
83	366
83	5
83	146
83	67
83	238
84	168
84	423
84	13
84	368
84	474
84	88
84	65
84	142
84	239
84	125
84	298
84	5
84	14
84	554
84	579
84	277
84	581
84	204
84	34
84	213
84	63
84	219
84	225
84	354
84	123
84	101
84	566
84	38
84	451
84	412
84	572
84	424
85	122
85	517
85	503
85	204
85	76
85	213
85	63
85	355
85	5
85	519
85	309
85	248
85	27
85	498
85	126
85	37
85	24
85	481
85	470
85	566
85	108
85	441
85	290
85	85
85	54
85	287
85	389
85	13
85	316
85	81
86	561
86	347
86	224
86	324
86	157
86	444
86	5
86	368
86	354
86	393
86	219
86	308
86	137
86	107
86	498
86	470
86	26
86	175
86	101
86	410
86	390
86	53
87	572
87	486
87	355
87	325
87	309
87	20
87	157
87	350
87	256
87	310
87	17
87	354
87	566
87	108
87	288
87	232
87	562
87	559
87	328
87	499
87	418
87	319
87	503
88	256
88	487
88	559
88	24
88	49
88	10
88	172
88	255
88	206
88	17
88	228
88	29
88	162
88	498
88	605
88	280
88	368
88	513
88	586
88	196
88	503
88	380
88	572
88	20
88	76
88	36
88	5
88	561
88	470
89	501
89	142
89	5
89	38
89	20
89	425
89	108
89	217
89	225
89	579
89	568
89	509
89	13
89	125
89	72
89	423
89	586
89	345
89	380
89	157
89	572
89	428
89	519
89	226
89	22
90	611
90	457
90	235
90	580
90	524
90	556
90	544
90	151
90	594
90	549
90	36
90	303
90	97
90	438
90	372
90	24
90	158
90	80
90	31
90	68
90	522
90	545
90	164
91	263
91	597
91	313
91	525
91	239
91	118
91	9
91	362
91	176
91	462
91	94
91	326
91	411
91	280
91	509
91	293
91	389
91	549
91	83
91	38
91	380
91	122
91	492
91	437
91	249
91	391
91	39
91	611
92	345
92	303
92	13
92	460
92	423
92	122
92	247
92	309
92	418
92	383
92	578
92	424
92	58
92	454
92	232
92	161
92	494
92	543
92	146
92	10
92	17
92	60
92	374
92	39
92	11
92	426
93	272
93	5
93	76
93	311
93	143
93	408
93	599
93	291
93	248
93	270
93	423
93	357
93	550
93	200
93	588
93	354
93	101
93	513
93	460
93	392
93	81
93	604
93	510
93	597
93	411
94	481
94	561
94	351
94	492
94	22
94	207
94	517
94	503
94	309
94	519
94	605
94	280
94	354
94	128
94	148
94	554
94	293
94	529
94	542
94	194
94	450
94	114
94	358
94	329
94	190
94	565
94	521
94	135
94	373
94	176
94	179
95	60
95	21
95	276
95	212
95	470
95	128
95	432
95	37
95	543
95	49
95	521
95	146
95	287
95	289
95	406
95	421
95	239
95	203
95	390
95	5
95	36
95	355
95	578
95	418
95	309
95	467
95	492
95	63
95	248
95	311
95	23
95	283
95	77
95	426
95	460
95	423
95	13
96	604
96	399
96	251
96	51
96	422
96	335
96	259
96	510
96	374
96	411
96	498
96	60
96	410
96	354
96	260
96	568
96	567
96	125
96	302
96	519
96	34
96	20
96	76
96	12
96	578
96	355
97	22
97	240
97	392
97	38
97	572
97	302
97	388
97	370
97	270
97	147
97	78
97	568
97	148
97	225
97	206
97	414
97	374
97	611
97	123
97	308
97	356
97	96
97	518
97	104
97	601
97	560
98	217
98	450
98	60
98	280
98	308
98	499
98	543
98	129
98	602
98	441
98	542
98	253
98	17
98	561
98	554
98	539
98	13
98	481
98	89
98	492
98	76
98	519
98	418
98	22
98	540
98	148
98	373
99	457
99	374
99	380
99	524
99	377
99	317
99	36
99	128
99	157
99	22
99	503
99	612
99	248
99	270
99	357
99	392
99	147
99	78
99	556
99	72
99	554
99	426
99	588
99	483
99	259
99	41
99	10
99	434
99	562
99	241
99	514
100	290
100	518
100	451
100	377
100	380
100	240
100	503
100	22
100	612
100	532
100	148
100	123
100	514
100	414
100	128
100	266
100	562
100	37
100	330
100	588
100	426
100	72
100	78
100	483
100	434
100	586
100	252
100	331
101	411
101	451
101	464
101	282
101	459
101	5
101	164
101	416
101	312
101	213
101	594
101	418
101	429
101	226
101	385
101	81
101	413
101	605
101	277
101	432
101	162
101	303
101	64
101	97
101	438
102	418
102	279
102	164
102	5
102	557
102	64
102	432
102	282
102	308
102	126
102	34
102	477
102	65
102	475
102	368
102	99
102	14
102	503
102	272
102	29
102	342
102	519
102	227
102	192
102	84
102	527
102	51
102	413
102	330
102	455
102	277
103	448
103	247
103	28
103	428
103	273
103	29
103	468
103	308
103	466
103	51
103	12
103	13
103	389
103	544
103	605
103	125
103	2
103	219
103	432
103	442
103	95
104	163
104	355
104	451
104	76
104	63
104	583
104	452
104	204
104	492
104	550
104	196
104	143
104	65
104	368
104	389
104	29
104	579
104	277
104	142
104	64
104	302
104	21
104	535
104	101
104	123
104	410
104	354
104	225
104	320
104	45
104	126
104	219
104	148
104	261
104	88
105	65
105	492
105	361
105	455
105	142
105	582
105	234
105	291
105	597
105	281
105	432
105	155
105	221
105	456
105	527
105	532
105	83
105	605
105	368
105	535
105	325
105	277
106	270
106	204
106	95
106	549
106	430
106	370
106	423
106	15
106	190
106	287
106	129
106	86
106	373
106	597
106	260
106	217
106	379
106	560
106	548
106	611
106	152
106	240
107	36
107	22
107	450
107	390
107	32
107	309
107	148
107	373
107	307
107	550
107	374
107	195
107	198
107	241
107	176
107	498
107	605
107	481
107	492
107	28
107	554
107	128
108	431
108	81
108	465
108	599
108	444
108	384
108	127
108	239
108	39
108	203
108	75
108	22
108	147
108	78
108	162
108	354
108	548
108	347
108	248
108	204
108	345
108	213
108	120
108	20
108	549
108	36
108	34
109	9
109	401
109	500
109	576
109	123
109	450
109	392
109	270
109	240
109	147
109	568
109	370
109	583
109	426
109	225
109	537
109	487
110	41
110	549
110	380
110	492
110	65
110	557
110	343
110	129
110	558
110	239
110	94
110	525
110	462
110	194
110	80
110	513
110	303
110	509
110	357
110	148
110	413
110	108
110	544
111	177
111	551
111	487
111	309
111	348
111	71
111	535
111	306
111	301
111	65
111	272
111	143
111	263
111	4
111	173
111	165
111	136
111	518
111	558
111	341
111	443
111	256
111	29
111	597
111	525
112	487
112	423
112	97
112	13
112	351
112	302
112	311
112	278
112	513
112	277
112	268
112	391
112	577
112	518
112	296
112	581
112	103
112	305
112	74
112	599
112	39
112	378
112	390
112	308
112	567
113	76
113	311
113	248
113	143
113	354
113	588
113	460
113	7
113	272
113	283
113	200
113	408
113	291
113	597
113	411
113	357
113	513
113	270
113	423
114	306
114	234
114	525
114	155
114	164
114	411
114	413
114	280
114	448
114	148
114	420
114	25
114	147
114	551
114	357
114	607
114	451
114	38
114	95
114	423
115	483
115	518
115	499
115	195
115	287
115	543
115	373
115	123
115	450
115	492
115	148
115	554
115	481
115	609
115	22
115	157
115	176
115	257
115	354
116	34
116	503
116	489
116	320
116	357
116	147
116	498
116	125
116	423
116	277
116	20
116	306
116	279
116	604
116	76
116	580
116	308
116	24
116	275
116	288
116	90
116	596
116	286
116	64
117	288
117	108
117	470
117	17
117	554
117	548
117	443
117	24
117	49
117	576
117	224
117	82
117	437
117	324
117	496
117	63
117	319
117	561
117	325
117	38
117	366
117	157
118	494
118	443
118	224
118	10
118	550
118	466
118	293
118	90
118	49
118	291
118	55
118	24
118	503
118	572
118	288
118	232
118	473
118	310
118	281
118	470
118	482
118	354
118	350
118	214
118	16
118	237
118	368
118	5
119	396
119	358
119	65
119	493
119	83
119	503
119	248
119	270
119	423
119	80
119	419
119	29
119	426
119	277
119	409
119	483
119	308
119	341
119	558
119	257
119	490
119	557
120	557
120	490
120	164
120	520
120	384
120	308
120	412
120	39
120	457
120	567
120	101
120	123
120	280
120	581
120	301
120	409
120	572
120	309
120	429
120	38
120	13
120	147
120	283
120	277
120	487
121	293
121	355
121	418
121	285
121	386
121	125
121	184
121	7
121	426
121	119
121	117
121	371
121	514
121	107
121	31
121	128
121	108
121	148
122	177
122	605
122	125
122	247
122	382
122	557
122	467
122	544
122	594
122	34
122	303
122	607
122	414
122	485
122	38
122	540
122	525
122	455
122	466
122	88
122	68
122	282
122	354
122	76
122	217
123	269
123	308
123	262
123	418
123	442
123	142
123	582
123	543
123	367
123	14
123	324
123	492
123	519
123	122
123	272
123	537
123	588
123	342
123	210
123	16
123	251
123	520
124	270
124	538
124	526
124	455
124	90
124	49
124	143
124	24
124	393
124	423
124	486
124	95
124	380
124	217
124	467
124	503
124	13
124	437
124	554
125	604
125	438
125	391
125	148
125	13
125	568
125	556
125	34
125	38
125	83
125	12
125	313
125	498
125	335
125	384
125	260
125	36
125	578
125	423
125	65
125	304
125	316
125	239
125	245
125	80
125	458
126	24
126	5
126	28
126	377
126	519
126	588
126	285
126	54
126	545
126	93
126	422
126	213
126	287
126	376
126	37
126	468
126	470
126	60
126	135
126	517
127	78
127	431
127	599
127	411
127	303
127	409
127	65
127	368
127	277
127	462
127	483
127	257
127	503
127	83
127	36
127	282
127	5
128	212
128	554
128	217
128	335
128	90
128	49
128	291
128	526
128	431
128	232
128	424
128	510
128	12
128	172
128	139
128	538
128	430
128	103
128	306
128	14
128	423
128	433
128	356
128	270
128	517
128	204
128	380
129	279
129	581
129	476
129	424
129	374
129	263
129	336
129	67
129	568
129	556
129	369
129	177
129	437
129	14
129	13
129	170
129	310
129	525
129	313
129	451
129	105
129	370
129	115
129	557
129	38
129	76
129	9
129	355
130	357
130	513
130	291
130	143
130	200
130	460
130	588
130	248
130	392
130	270
130	311
130	76
130	308
130	411
130	423
130	283
130	524
130	260
130	365
130	408
130	7
130	272
131	213
131	309
131	343
131	248
131	78
131	101
131	473
131	22
131	37
131	183
131	138
131	559
131	61
131	290
131	197
131	224
132	512
132	65
132	324
132	28
132	503
132	504
132	5
132	38
132	462
132	303
132	483
132	281
132	81
132	599
132	80
132	332
132	490
132	368
132	419
133	432
133	548
133	302
133	39
133	248
133	423
133	97
133	125
133	13
133	503
133	382
133	460
133	572
133	355
133	5
133	147
133	293
133	29
133	436
133	127
133	282
133	14
133	290
133	323
133	135
134	411
134	483
134	410
134	78
134	162
134	39
134	409
134	281
134	368
134	431
134	51
134	304
134	499
134	257
134	462
134	419
134	65
134	592
134	22
134	557
134	36
134	5
134	100
134	503
135	31
135	355
135	126
135	5
135	63
135	467
135	34
135	503
135	517
135	347
135	248
135	125
135	238
135	162
135	17
135	441
135	81
135	117
135	112
135	118
135	518
135	184
135	296
135	562
136	540
136	606
136	470
136	499
136	287
136	561
136	114
136	612
136	128
136	554
136	148
136	438
136	60
136	179
136	89
137	61
137	121
137	548
137	549
137	386
137	5
137	302
137	384
137	90
137	552
137	431
137	126
137	432
137	457
137	566
137	429
137	448
137	283
137	13
137	539
137	354
138	124
138	455
138	525
138	494
138	279
138	108
138	264
138	370
138	354
138	228
138	293
138	401
138	549
138	486
138	377
138	380
138	22
138	470
139	521
139	44
139	578
139	605
139	278
139	583
139	517
139	23
139	292
139	457
139	374
139	424
139	288
139	599
139	443
139	431
139	291
139	365
139	243
139	80
139	525
140	270
140	419
140	368
140	423
140	281
140	366
140	503
140	557
140	20
140	83
140	303
140	325
140	142
140	320
141	368
141	303
141	78
141	150
141	483
141	411
141	470
141	281
141	126
141	446
141	423
141	192
141	84
141	386
141	503
141	504
141	557
141	572
141	38
141	83
141	301
141	426
141	80
141	68
142	248
142	193
142	591
142	107
142	108
142	256
142	327
142	423
142	260
142	76
142	572
142	63
142	418
142	157
142	319
143	466
143	81
143	383
143	410
143	562
143	162
143	248
143	143
143	471
143	561
143	5
143	510
143	418
143	366
143	69
143	572
144	306
144	12
144	34
144	551
144	147
144	179
144	211
144	455
144	582
144	38
145	301
145	380
145	289
145	80
145	362
145	282
145	518
145	304
145	411
145	537
145	36
145	549
145	83
145	353
145	437
145	147
145	148
146	63
146	107
146	24
146	195
146	490
146	73
146	290
146	561
146	465
146	240
146	328
146	390
146	179
146	123
146	350
146	460
146	348
146	457
146	39
146	424
147	89
147	207
147	217
147	262
147	561
147	179
147	280
147	50
147	562
147	308
147	554
147	22
147	114
148	374
148	260
148	147
148	7
148	487
148	80
148	537
148	370
148	29
148	81
148	477
148	503
148	582
148	597
148	100
148	581
148	271
148	148
149	423
149	519
149	217
149	277
149	142
149	411
149	38
149	20
149	554
149	509
149	72
149	428
149	572
150	39
150	581
150	81
150	126
150	74
150	274
150	17
150	457
150	5
150	503
150	207
150	41
150	513
150	460
150	487
150	13
150	567
151	376
151	230
151	569
151	135
151	17
151	126
151	213
151	309
151	517
151	285
151	28
151	311
151	24
151	89
151	539
151	256
151	588
151	470
151	81
151	128
151	248
151	5
151	108
152	611
152	572
152	386
152	428
152	319
152	532
152	529
152	293
152	560
152	190
152	61
152	261
152	402
152	5
152	561
153	543
153	431
153	432
153	108
153	411
153	19
153	72
153	125
153	357
153	586
153	423
153	377
153	5
153	425
153	394
153	273
154	286
154	354
154	148
154	556
154	293
154	334
154	388
154	97
154	22
154	380
154	594
154	36
154	414
154	31
154	463
154	525
154	280
154	94
154	292
154	289
155	586
155	282
155	5
155	377
155	430
155	431
155	108
155	281
155	411
155	410
155	72
155	125
155	357
155	432
155	394
155	423
156	481
156	355
156	287
156	564
156	372
156	107
156	31
156	351
156	81
156	423
156	451
156	519
156	487
156	99
156	17
156	566
156	470
157	2
157	558
157	599
157	279
157	571
157	301
157	136
157	457
157	416
157	557
157	227
157	503
157	580
157	581
157	64
157	302
158	560
158	280
158	217
158	325
158	556
158	13
158	401
158	370
158	89
158	519
158	148
158	354
158	612
158	145
158	253
158	499
159	611
159	63
159	22
159	545
159	224
159	595
159	88
159	290
159	241
159	492
159	536
159	554
159	578
159	407
159	76
160	51
160	598
160	558
160	74
160	493
160	45
160	260
160	537
160	125
160	357
160	65
160	423
160	448
160	169
160	64
160	374
160	12
160	76
160	67
160	306
160	476
160	248
161	120
161	469
161	206
161	518
161	525
161	473
161	411
161	280
161	123
161	450
161	334
161	283
161	388
161	487
161	429
161	531
161	22
161	517
161	150
161	462
162	407
162	220
162	535
162	5
162	604
162	561
162	145
162	511
162	49
162	260
162	54
162	126
163	310
163	471
163	366
163	22
163	232
163	157
163	24
163	566
163	319
163	54
163	325
163	152
163	486
163	355
163	572
164	549
164	20
164	380
164	586
164	437
164	411
164	289
164	362
164	282
164	244
164	356
164	537
164	292
165	304
165	107
165	548
165	429
165	605
165	539
165	556
165	72
165	148
165	450
165	126
165	494
165	315
165	90
165	455
165	230
165	174
165	380
165	306
165	80
165	321
165	545
165	533
166	9
166	356
166	415
166	567
166	292
166	509
166	551
166	355
166	99
166	492
167	503
167	612
167	89
167	31
167	441
167	544
167	325
167	157
167	519
167	17
167	145
167	287
167	10
167	603
168	259
168	429
168	7
168	292
168	363
168	611
168	107
168	49
168	90
168	159
169	579
169	379
169	611
169	24
169	554
169	121
169	248
169	548
169	240
169	332
169	572
169	36
169	150
169	317
169	355
170	76
170	20
170	572
170	569
170	566
170	310
170	423
170	366
170	63
170	503
170	281
171	411
171	434
171	430
171	10
171	455
171	335
171	55
171	354
171	380
171	350
171	588
171	351
171	248
171	311
171	285
171	557
171	377
171	355
171	17
171	213
172	68
172	325
172	64
172	279
172	599
172	342
172	330
172	99
172	368
172	277
172	65
172	477
172	503
172	34
172	557
172	164
172	5
172	475
173	357
173	411
173	108
173	394
173	418
173	423
173	5
173	377
174	291
174	313
174	604
174	374
174	206
174	537
174	463
174	611
174	426
174	13
174	76
174	572
174	240
174	568
174	302
174	78
174	248
174	392
175	471
175	367
175	366
175	532
175	410
175	5
175	355
175	196
175	492
175	76
175	383
175	444
175	333
175	305
175	236
175	219
176	487
176	76
176	572
176	248
176	605
176	13
176	426
176	391
176	450
176	374
176	463
176	356
176	611
177	287
177	373
177	50
177	280
177	179
177	521
177	217
177	17
177	561
177	148
177	194
177	28
177	481
178	142
178	572
178	428
178	423
178	72
178	509
178	554
178	217
178	411
178	38
179	583
179	605
179	557
179	287
179	281
179	498
179	537
179	14
179	539
179	348
179	453
179	84
179	99
179	311
180	22
180	168
180	373
180	279
180	448
180	354
180	554
180	539
180	612
180	561
180	157
180	503
180	262
181	125
181	258
181	302
181	354
181	81
181	260
181	572
181	526
181	597
181	355
181	65
181	12
181	76
181	422
181	51
182	409
182	410
182	566
182	288
182	464
182	127
182	436
182	26
182	283
182	423
182	407
182	572
182	437
182	539
183	13
183	270
183	22
183	157
183	504
183	20
183	419
183	83
183	325
183	410
183	51
183	309
183	423
184	311
184	76
184	455
184	248
184	357
184	513
184	392
184	460
184	7
184	200
184	588
184	354
184	291
184	545
184	272
185	239
185	518
185	117
185	576
185	125
185	123
185	162
185	184
185	517
185	504
185	549
185	5
185	536
185	221
185	81
185	126
186	355
186	188
186	28
186	432
186	379
186	248
186	579
186	148
186	121
186	561
186	611
186	304
186	93
186	606
187	509
187	418
187	382
187	583
187	429
187	143
187	368
187	438
187	31
187	437
187	241
187	511
187	165
187	599
187	126
188	418
188	519
188	17
188	393
188	310
188	59
188	609
188	76
188	325
189	588
189	291
189	354
189	411
189	476
189	248
189	283
189	460
189	76
189	357
189	311
190	561
190	55
190	5
190	355
190	240
190	28
190	248
190	287
190	579
190	206
190	121
191	518
191	217
191	90
191	540
191	424
191	554
191	260
191	437
191	14
191	526
191	586
191	270
191	122
191	22
191	380
191	95
191	63
191	486
191	423
191	103
192	450
192	123
192	549
192	580
192	604
192	494
192	545
192	230
192	274
192	245
192	448
192	597
192	556
192	78
192	147
192	270
192	157
192	380
192	38
192	292
193	76
193	63
193	157
193	22
193	196
193	545
193	554
193	374
193	430
193	395
193	5
193	327
193	561
194	14
194	270
194	143
194	423
194	544
194	260
194	554
194	95
194	578
194	317
194	306
194	315
194	351
194	90
194	455
194	153
194	335
194	380
195	38
195	368
195	256
195	426
195	470
195	55
195	10
195	565
195	36
195	261
195	20
196	578
196	277
196	148
196	393
196	303
196	137
196	356
196	325
196	386
196	483
196	426
196	503
196	29
196	281
196	83
196	423
196	368
196	51
196	419
196	504
196	580
197	165
197	427
197	572
197	120
197	345
197	184
197	431
197	126
197	414
197	432
197	5
197	407
198	557
198	503
198	145
198	449
198	198
198	499
198	287
198	280
198	554
198	248
198	76
198	87
198	561
198	89
198	612
198	519
198	38
199	578
199	418
199	572
199	423
199	392
199	179
199	58
199	432
199	468
199	37
199	49
199	521
199	102
199	253
199	5
199	204
199	303
200	99
200	487
200	441
200	605
200	283
200	459
200	126
200	580
200	390
200	509
200	56
200	407
200	368
200	301
201	532
201	287
201	51
201	510
201	604
201	310
201	568
201	7
201	389
201	561
201	270
201	170
201	368
201	498
202	89
202	499
202	450
202	325
202	76
202	503
202	519
202	280
202	296
202	390
202	373
202	540
202	10
202	287
202	148
203	287
203	160
203	499
203	494
203	179
203	424
203	17
203	38
203	28
203	89
203	248
203	554
203	450
203	561
204	292
204	290
204	328
204	211
204	424
204	421
204	123
204	348
204	460
205	423
205	428
205	572
205	38
205	72
206	123
206	76
206	206
206	248
206	302
206	240
206	292
206	356
206	165
206	611
206	374
206	450
206	601
207	24
207	36
207	121
207	572
207	240
207	548
207	148
207	248
207	579
207	379
207	611
207	428
208	518
208	239
208	184
208	221
208	39
208	34
208	517
208	204
208	148
208	123
208	238
209	204
209	531
209	196
209	296
209	460
209	532
209	471
209	554
209	441
209	107
209	287
209	612
209	5
209	76
210	455
210	463
210	39
210	123
210	354
210	148
210	556
210	334
210	544
210	122
210	407
210	36
210	239
210	525
211	398
211	63
211	561
211	76
211	377
211	38
211	240
211	196
211	568
211	288
211	423
211	545
211	430
211	139
211	81
212	470
212	319
212	63
212	591
212	486
212	325
212	562
212	288
212	17
212	281
213	65
213	169
213	523
213	341
213	525
213	292
213	309
213	306
213	551
213	7
213	272
213	487
213	457
213	4
213	263
213	597
214	76
214	529
214	611
214	612
214	429
214	428
214	386
214	385
214	407
215	162
215	260
215	80
215	292
215	411
215	39
215	291
215	356
215	103
215	517
215	20
215	36
215	509
215	334
215	437
215	380
216	5
216	535
216	377
216	380
216	248
216	270
216	586
216	72
216	612
216	426
216	588
216	266
216	37
216	90
216	335
216	10
217	444
217	488
217	468
217	432
217	81
217	559
217	5
217	407
217	409
217	605
217	429
217	557
217	572
217	470
218	5
218	561
218	121
218	331
218	248
218	579
218	345
218	310
218	148
218	379
219	13
219	292
219	390
219	81
219	103
219	176
219	513
219	370
219	429
219	355
219	74
219	431
220	133
220	429
220	7
220	280
220	379
220	159
220	597
220	604
221	354
221	503
221	28
221	262
221	287
221	280
221	450
221	307
221	248
222	293
222	97
222	354
222	609
222	423
222	386
222	548
222	11
222	37
222	559
222	282
222	572
223	451
223	38
223	240
223	247
223	423
223	354
223	379
223	611
223	443
224	609
224	13
224	388
224	426
224	307
224	463
224	448
224	601
224	604
224	450
224	123
225	572
225	38
225	428
225	423
225	142
226	486
226	63
226	332
226	207
226	288
226	437
226	471
226	17
226	470
226	202
226	591
226	325
226	319
227	554
227	519
227	510
227	308
227	93
227	395
227	157
227	204
227	76
227	63
228	78
228	356
228	463
228	604
228	611
228	76
228	388
228	248
228	487
228	13
228	374
228	572
228	96
229	606
229	561
229	287
229	432
229	148
229	579
229	248
229	28
229	548
229	121
229	332
230	309
230	138
230	183
230	137
230	368
230	22
230	5
230	407
230	213
231	578
231	34
231	587
231	429
231	511
231	431
231	468
231	213
231	370
231	572
232	207
232	463
232	74
232	549
232	81
232	457
232	413
232	212
232	581
232	350
232	65
232	492
232	344
233	503
233	481
233	518
233	247
233	561
233	46
233	519
233	505
233	185
233	152
233	603
233	279
233	50
233	148
234	309
234	368
234	437
234	138
234	389
234	192
235	60
235	470
235	468
235	5
235	54
235	63
235	24
236	580
236	199
236	501
236	280
236	457
236	78
236	551
236	108
236	431
236	308
236	522
236	362
237	76
237	282
237	443
237	81
237	123
237	579
237	368
237	423
237	446
237	578
237	548
238	451
238	424
238	510
238	94
238	257
238	142
238	540
238	354
238	148
238	272
238	14
238	475
238	492
239	120
239	510
239	107
239	162
239	256
239	124
239	305
239	543
239	372
239	599
239	429
239	34
239	299
240	259
240	224
240	90
240	330
240	586
240	5
240	612
240	287
240	290
240	392
240	247
240	503
240	380
240	202
240	317
240	483
240	78
240	72
240	426
240	588
240	532
241	549
241	34
241	184
241	123
241	221
241	239
241	518
241	548
242	142
242	423
242	542
242	572
242	428
243	235
243	303
243	611
243	590
243	309
243	465
243	37
243	356
243	464
243	18
243	122
244	376
244	282
244	199
244	571
244	315
244	415
244	49
244	200
244	467
244	519
244	354
244	389
244	392
245	424
245	554
245	605
245	357
245	549
245	370
245	503
245	108
245	288
245	259
245	24
245	179
245	12
245	354
246	572
246	128
246	60
246	498
246	122
247	432
247	207
247	442
247	541
247	407
247	76
247	37
247	309
247	409
247	438
247	411
247	288
248	437
248	556
248	509
248	148
248	411
248	325
248	24
248	423
248	414
248	65
248	292
248	83
248	380
248	38
248	362
248	503
249	287
249	259
249	266
249	566
249	483
249	451
249	532
249	192
249	612
249	380
249	317
249	436
250	224
250	422
250	49
250	108
250	448
250	554
250	471
250	519
250	486
250	325
250	29
250	423
251	327
251	503
251	486
251	232
251	351
252	288
252	12
252	179
252	549
252	590
252	357
252	532
252	554
252	393
252	206
252	101
252	108
253	611
253	374
253	388
253	76
253	248
253	463
253	13
253	240
254	528
254	147
254	407
254	76
254	309
254	428
254	612
254	65
255	395
255	21
255	355
255	309
255	354
255	393
255	579
255	471
255	196
255	492
255	34
255	121
255	424
255	219
256	444
256	328
256	350
256	107
256	123
256	390
256	460
256	287
256	464
257	419
257	426
257	356
257	142
257	65
257	257
257	80
257	503
257	462
257	83
258	503
258	368
258	419
258	382
258	325
258	150
258	281
258	142
258	83
259	423
259	14
259	574
259	122
259	455
259	393
259	217
259	424
259	281
259	24
259	335
259	90
259	538
259	103
259	380
259	437
260	306
260	7
260	90
260	448
260	38
260	125
260	275
260	279
260	519
260	489
261	13
261	280
261	548
261	5
261	432
261	290
261	162
261	97
262	108
262	532
262	549
262	12
262	554
262	247
262	29
262	140
262	101
262	259
262	179
263	392
263	611
263	560
263	545
263	224
263	76
263	578
263	88
264	355
264	504
264	148
264	60
264	443
264	519
264	239
264	542
264	29
264	517
264	63
265	354
265	302
265	34
265	260
265	65
265	572
265	12
265	355
265	81
265	125
265	36
265	248
265	526
265	422
265	51
266	551
266	549
266	437
266	36
266	556
266	388
266	94
266	380
266	586
266	28
266	537
266	39
266	611
266	282
266	80
266	492
266	462
266	148
267	276
267	74
267	126
267	81
267	487
267	549
267	415
267	278
267	390
267	503
267	370
267	97
267	277
268	76
268	309
268	612
268	385
268	263
268	301
268	611
268	147
268	65
268	97
269	458
269	128
269	80
269	599
269	413
269	316
269	438
269	483
269	260
269	492
269	36
269	12
270	279
270	457
270	292
270	509
270	303
270	296
270	22
270	492
270	605
270	308
271	311
271	76
271	310
271	572
272	470
272	539
272	248
272	503
272	118
272	518
272	499
272	561
272	559
272	279
272	38
273	290
273	137
273	78
273	436
273	309
274	609
274	605
274	260
274	277
274	5
274	351
274	535
274	462
274	537
274	407
274	151
274	126
275	443
275	390
275	350
275	368
275	309
275	446
275	410
276	561
276	554
276	542
276	287
276	277
276	128
276	309
276	38
277	572
277	428
277	423
277	142
278	423
278	260
278	554
278	217
278	517
278	128
278	14
278	486
278	540
279	76
279	572
279	548
279	121
279	248
279	13
279	568
279	611
279	155
279	605
280	432
280	390
280	37
280	407
280	366
280	248
280	393
281	13
281	240
281	436
281	135
281	9
281	601
281	549
282	209
282	503
282	532
282	581
282	239
282	38
282	565
282	105
282	605
283	325
283	486
283	245
283	108
283	63
283	17
283	470
283	591
283	562
284	292
284	204
284	556
284	302
284	539
284	494
284	107
284	604
284	429
285	611
285	36
285	76
285	612
285	392
285	536
285	323
285	492
285	453
285	290
285	361
286	538
286	51
286	36
286	81
286	248
286	354
286	411
286	125
286	260
287	519
287	354
287	280
287	288
287	359
287	572
287	389
287	76
287	355
288	426
288	78
288	356
288	388
288	36
288	292
288	450
288	414
288	291
289	7
289	263
289	65
289	597
289	341
289	309
289	292
289	487
290	80
290	29
290	278
290	407
290	283
290	392
290	423
290	243
290	517
291	380
291	33
291	230
291	549
291	605
291	486
291	38
291	450
291	107
291	335
291	153
291	494
291	78
291	292
291	174
291	157
292	204
292	554
292	470
292	81
292	568
292	150
292	561
292	377
292	196
292	240
293	377
293	213
293	309
293	91
293	22
294	368
294	120
294	370
294	147
294	571
294	604
294	510
294	76
294	159
295	431
295	325
295	83
295	503
295	386
295	248
295	368
295	419
295	303
295	409
295	292
295	483
295	29
296	489
296	76
296	306
296	90
296	279
296	64
296	320
296	350
297	612
297	588
297	426
297	5
297	380
297	317
297	330
297	377
297	90
297	526
297	554
297	72
297	392
297	270
297	483
298	556
298	568
298	310
298	282
298	279
298	315
298	268
298	13
298	67
298	41
298	301
298	523
298	308
298	355
298	38
299	123
299	350
299	280
299	418
300	239
300	308
300	280
300	162
300	504
301	605
301	91
301	137
301	581
301	14
301	368
301	182
301	199
302	255
302	135
302	463
302	448
302	270
302	38
302	549
302	601
303	109
303	265
303	455
303	415
303	414
303	393
303	249
303	583
303	446
303	13
303	370
303	492
303	41
303	303
303	203
303	416
304	17
304	438
304	597
304	126
304	229
304	84
304	550
304	371
304	467
304	578
304	423
304	5
305	486
305	380
305	577
305	384
305	379
305	525
305	494
305	611
305	354
305	22
305	230
306	122
306	94
306	429
306	334
306	147
306	437
306	423
306	556
306	260
306	39
306	409
306	123
306	354
307	572
307	166
307	428
307	423
307	448
307	142
308	393
308	76
308	503
308	612
308	385
308	65
308	312
308	313
309	561
309	248
309	137
309	197
309	125
309	410
310	217
310	357
310	423
310	174
311	270
311	388
311	568
311	426
311	450
311	374
311	611
311	463
311	96
311	76
312	504
312	281
312	411
312	29
312	150
312	419
312	386
312	22
312	503
312	64
312	83
313	453
313	231
313	319
313	492
313	392
313	63
313	411
313	307
313	76
313	281
314	432
314	418
314	49
314	315
314	5
314	519
314	14
315	283
315	573
315	65
315	159
315	556
315	12
315	517
315	7
315	605
315	374
315	448
315	338
315	274
315	356
315	280
315	410
316	133
316	351
316	125
316	7
316	459
317	230
317	576
317	494
317	509
317	605
317	237
317	549
317	347
317	429
318	526
318	24
318	126
318	611
318	354
318	411
318	549
318	466
318	155
318	159
318	461
319	561
319	5
319	487
319	29
319	354
319	279
319	599
319	168
319	459
319	301
319	110
320	443
320	152
320	368
320	557
320	5
320	325
320	575
320	605
321	123
321	525
321	609
322	294
322	253
322	460
322	107
322	492
322	63
322	311
322	470
323	355
323	183
323	138
323	78
323	22
323	213
324	612
324	89
324	281
324	22
325	308
325	410
325	393
325	527
325	368
325	541
326	12
326	155
326	76
326	287
326	248
326	51
326	422
326	34
326	423
326	260
327	309
327	443
327	37
327	137
327	207
327	248
327	192
327	418
328	263
328	580
328	581
328	38
328	136
328	201
329	383
329	305
329	438
329	162
329	81
329	157
330	494
330	279
330	108
330	293
330	370
330	380
330	22
331	418
331	366
331	5
331	76
331	367
331	471
331	383
332	305
332	383
332	162
332	196
332	492
332	366
332	76
332	355
333	533
333	486
333	380
333	207
333	556
333	605
333	603
333	494
333	450
333	90
333	237
333	548
333	148
334	601
334	76
334	65
334	448
335	404
335	10
335	211
335	303
335	13
335	95
336	7
336	38
336	71
336	611
336	598
337	37
337	324
337	22
337	309
338	102
338	423
338	492
338	468
338	107
338	457
338	544
338	578
338	49
338	521
339	554
339	519
339	76
339	93
339	308
339	510
340	302
340	450
340	537
340	96
340	463
340	374
340	76
341	390
341	413
341	303
341	13
341	12
341	36
341	260
342	219
342	37
342	443
342	522
342	350
342	548
342	410
342	458
343	313
343	270
343	190
343	370
343	580
343	13
343	150
343	148
343	410
343	604
343	510
343	248
344	556
344	414
344	525
344	545
344	458
344	423
344	38
344	36
345	26
345	37
345	309
345	355
346	561
346	460
346	350
346	390
346	424
346	107
346	465
347	383
347	5
347	418
347	366
347	466
347	385
348	123
348	157
348	271
348	65
348	609
348	354
348	448
348	135
348	216
348	549
349	438
349	315
349	432
349	213
349	409
350	388
350	65
351	428
351	572
351	448
351	142
351	423
351	166
352	336
352	600
352	313
352	369
352	279
352	14
352	13
352	301
352	38
352	556
352	581
352	370
352	170
352	551
353	123
353	81
353	239
353	550
353	518
353	504
354	213
354	248
354	78
354	355
354	61
354	343
355	463
355	123
355	157
355	65
355	216
355	376
355	609
355	549
355	354
355	307
355	388
356	324
356	343
356	37
356	61
357	5
357	557
357	492
357	351
357	460
357	572
357	14
357	468
358	410
358	355
358	290
358	309
358	368
359	541
359	22
360	243
360	423
360	487
360	369
360	90
361	39
361	423
361	380
361	356
361	507
361	334
362	282
362	135
362	432
362	11
362	585
362	13
362	97
362	548
363	134
363	503
363	105
363	36
363	332
363	557
363	125
364	7
364	148
364	393
364	448
364	356
364	65
364	573
364	12
365	147
365	605
365	204
365	238
365	550
365	123
365	517
365	221
365	34
365	292
365	239
365	518
366	431
366	510
366	354
366	429
366	34
366	213
366	610
367	5
367	164
367	143
367	571
367	581
367	268
367	519
367	243
368	548
368	108
368	536
368	248
368	379
368	5
368	121
368	579
368	572
369	492
369	14
369	147
369	579
369	354
369	288
369	424
369	599
369	550
369	79
369	45
369	225
370	578
370	486
370	370
370	556
370	279
371	364
371	29
371	342
371	42
371	432
371	368
371	448
371	392
371	519
371	389
372	48
372	503
372	287
373	541
373	407
373	368
373	389
373	410
373	137
373	219
373	458
374	7
374	165
374	169
374	597
374	263
374	581
374	551
374	309
374	65
375	282
375	315
375	561
375	133
375	76
375	302
375	510
376	325
376	529
376	557
376	594
376	368
376	532
376	49
377	403
377	24
377	554
377	531
377	133
378	438
378	17
378	7
378	84
378	63
378	5
378	407
378	243
378	38
379	277
379	301
379	463
379	424
379	123
379	487
379	324
380	137
380	192
380	410
380	566
380	330
380	444
380	290
380	309
381	522
381	219
381	137
381	470
381	410
381	283
381	572
381	65
382	37
383	460
383	287
383	465
383	123
383	350
384	123
384	13
384	486
384	362
385	291
385	424
385	515
385	580
385	524
385	283
385	518
385	605
385	306
385	487
386	5
386	578
386	248
386	551
386	17
386	80
386	289
387	429
387	539
387	288
388	608
388	87
388	217
388	247
388	196
388	147
388	270
389	342
389	308
389	582
389	142
389	418
389	588
390	76
390	385
390	612
390	368
390	393
390	313
390	65
391	105
391	287
391	465
391	123
391	409
391	423
391	572
391	38
391	20
392	89
392	78
392	350
393	310
393	188
393	332
393	240
393	355
394	424
394	561
394	390
394	350
394	107
394	460
395	38
395	188
395	51
395	160
395	7
395	65
395	71
395	611
395	598
396	347
396	518
396	550
396	81
396	108
396	123
396	285
396	162
396	509
397	282
397	83
397	503
397	605
397	29
397	607
397	87
397	5
398	419
398	600
398	168
398	432
398	220
398	423
398	557
399	354
399	287
399	315
399	125
399	247
399	122
399	60
400	535
400	380
400	503
400	370
400	457
400	492
400	142
400	526
401	325
401	282
401	234
401	529
401	59
401	309
401	76
402	278
402	281
402	74
402	265
402	355
402	477
403	349
403	49
403	492
403	517
403	95
403	578
403	540
403	431
403	50
403	17
403	260
403	14
403	609
403	423
404	5
404	517
404	509
404	123
404	239
404	550
404	518
405	311
405	406
405	544
405	74
405	291
406	612
406	204
406	586
406	107
406	532
406	76
407	461
407	245
407	287
407	126
407	147
407	13
407	477
407	366
408	151
408	468
408	487
408	557
408	211
409	76
409	141
409	309
410	410
410	350
410	248
410	309
410	355
411	89
411	281
411	450
411	612
412	384
412	431
412	126
412	432
412	292
412	539
412	5
412	453
412	448
413	76
413	510
413	308
413	93
413	519
414	429
414	503
414	292
415	123
415	148
415	221
415	81
415	239
415	509
415	204
415	162
416	526
416	51
416	572
416	422
416	302
416	65
416	260
416	81
416	34
416	12
417	423
417	49
417	126
417	325
417	76
417	38
417	31
417	368
418	76
418	157
418	287
418	107
418	471
418	586
418	196
418	5
418	612
419	125
419	277
419	571
419	142
419	268
419	581
420	38
420	157
420	65
420	450
420	123
420	381
420	549
421	279
421	182
421	223
422	184
422	423
423	390
423	293
423	401
423	124
423	384
423	549
423	377
424	385
424	471
424	162
424	545
424	492
425	523
425	313
425	369
425	259
425	581
425	13
425	308
426	248
426	13
426	148
426	604
426	597
426	492
427	309
427	354
427	492
427	142
427	550
427	88
427	285
427	125
427	368
427	277
428	384
428	126
428	354
428	432
428	270
428	302
428	5
428	283
429	63
429	503
429	423
429	232
430	437
430	562
430	24
430	424
430	421
430	487
430	460
431	503
431	519
431	293
431	470
431	559
431	10
431	561
432	76
432	428
432	612
432	126
432	368
433	13
433	249
433	275
433	583
433	380
433	243
433	446
433	303
433	230
433	147
433	423
433	494
433	10
433	466
433	281
433	422
434	471
434	219
434	527
434	407
434	76
434	366
435	379
435	5
435	206
436	354
436	535
436	451
436	285
436	65
436	368
436	29
436	393
436	282
436	14
437	483
437	548
437	460
437	350
437	421
438	256
438	76
438	24
438	309
438	28
438	212
439	557
439	84
439	578
439	25
439	280
439	91
439	13
440	486
440	423
440	14
440	260
440	471
440	17
440	49
440	554
440	431
441	503
441	280
441	457
441	496
441	211
441	239
441	209
442	76
442	231
442	137
442	612
443	162
443	477
443	421
443	107
443	525
443	459
443	118
443	354
444	162
444	237
444	81
444	75
444	221
445	609
445	549
446	362
447	123
447	221
447	239
447	550
447	518
447	549
447	237
448	96
448	239
448	211
448	366
448	503
448	34
448	541
448	457
449	586
449	612
449	441
449	5
449	81
449	107
449	287
449	154
449	471
449	76
450	279
450	471
450	532
450	383
450	444
451	12
451	302
451	248
451	65
451	125
451	260
451	81
451	422
451	51
452	611
452	380
452	38
452	36
452	5
452	80
452	94
452	419
452	304
452	335
452	437
452	122
452	556
452	292
452	492
453	11
453	81
453	559
453	21
453	429
454	410
454	248
454	532
455	410
455	219
455	309
455	350
455	290
456	20
456	239
456	304
456	492
456	343
456	380
456	303
456	12
456	36
456	413
457	13
457	370
458	328
458	24
458	421
458	357
458	460
459	243
460	60
460	421
460	10
460	311
460	564
461	148
461	441
461	296
462	5
462	76
462	545
462	22
462	63
463	263
463	551
463	301
464	377
464	561
464	63
464	240
464	423
464	81
464	538
465	471
465	396
465	483
465	317
465	219
465	535
465	377
465	266
465	363
465	41
466	503
466	304
467	67
467	467
467	479
467	260
467	455
467	257
467	3
467	335
467	51
468	334
468	410
468	179
468	372
468	550
468	553
468	309
468	345
469	162
469	107
469	126
470	389
470	468
470	519
470	308
470	541
471	429
471	597
472	487
472	407
472	123
472	97
473	503
473	240
473	423
473	311
473	55
473	212
473	267
473	331
473	492
474	162
474	532
474	492
474	572
474	305
474	560
475	423
476	26
476	458
476	243
477	49
477	603
477	24
477	31
477	4
477	220
477	557
477	418
477	578
477	325
478	579
478	379
478	548
479	12
479	380
479	78
479	450
479	559
479	90
479	335
479	547
480	36
480	556
480	162
480	503
480	12
480	65
480	24
480	586
481	213
482	125
482	147
482	258
482	45
482	405
482	354
482	81
482	12
482	76
482	612
482	248
482	260
483	345
483	354
483	162
483	545
483	81
483	405
484	179
484	288
484	123
484	260
485	245
485	185
485	279
485	411
485	561
485	528
485	539
486	306
486	201
486	493
486	51
486	487
486	423
486	38
487	411
487	97
487	380
487	36
487	463
487	510
487	94
487	321
487	493
488	517
488	423
488	468
488	420
489	492
489	471
489	162
489	33
490	247
490	423
490	108
490	161
491	76
491	410
491	309
492	11
492	357
492	460
492	421
492	24
492	328
492	348
493	28
493	324
493	54
493	127
494	418
494	76
494	572
495	561
495	377
495	240
495	196
495	423
495	470
495	568
495	545
495	538
496	377
496	293
496	231
497	162
497	5
497	471
497	492
498	157
498	216
499	65
499	354
499	123
500	548
500	13
500	29
500	282
501	487
501	287
501	460
501	421
501	350
501	433
502	243
502	578
502	5
502	84
502	289
502	550
502	597
502	7
503	465
503	379
503	240
503	561
504	5
504	121
504	579
504	379
505	370
505	13
505	211
505	455
505	235
505	268
506	88
506	594
506	581
506	443
506	301
507	95
507	12
507	108
507	357
507	554
507	140
508	562
508	423
508	468
509	423
509	184
509	538
510	354
510	561
510	451
510	247
510	38
510	611
511	487
511	350
511	460
511	424
512	96
512	287
512	505
512	496
512	424
512	503
512	368
513	76
513	332
513	503
513	554
513	424
514	548
514	309
514	248
514	91
515	5
515	366
515	466
515	418
516	325
516	83
516	557
516	257
516	386
516	368
516	419
516	29
516	426
516	503
516	423
517	511
517	455
517	311
517	14
517	5
517	143
517	142
517	182
517	49
518	196
518	366
518	76
518	5
518	444
518	510
519	97
519	126
519	315
519	282
520	126
520	377
520	76
520	588
520	489
521	465
521	128
521	211
521	411
521	5
521	493
522	366
522	192
523	431
523	63
523	74
523	311
523	513
523	60
524	380
524	450
524	22
524	483
524	494
525	313
525	296
526	410
526	309
527	388
527	313
528	438
528	5
528	306
528	557
528	49
529	14
529	88
529	142
529	107
529	354
529	29
529	368
529	63
530	274
530	548
530	148
530	450
530	597
530	90
530	545
530	380
530	321
530	38
531	467
531	517
531	605
531	162
531	81
531	168
532	122
532	18
532	271
532	292
532	235
532	611
533	248
533	89
533	309
533	123
533	450
533	148
533	539
533	296
533	556
534	451
534	125
534	605
534	459
535	216
536	424
536	282
536	386
536	354
537	5
537	429
537	347
537	423
537	510
537	559
537	384
537	299
538	444
538	279
538	471
538	383
539	14
539	28
539	467
540	89
540	287
540	248
541	76
541	5
541	444
542	5
542	467
542	163
542	151
543	81
544	612
544	76
544	5
544	471
544	157
544	107
544	586
545	309
545	410
545	37
545	26
546	240
546	572
546	152
546	157
547	517
547	504
547	355
547	237
547	509
547	123
547	518
547	162
548	533
548	450
548	78
548	380
548	486
549	13
550	557
550	426
550	281
550	503
550	20
550	83
551	81
551	13
552	548
552	76
552	424
552	531
553	13
553	581
553	447
554	410
554	309
555	206
555	579
555	121
556	52
556	451
556	583
556	424
556	287
556	117
557	561
557	355
557	612
557	308
558	243
558	291
558	302
558	586
558	517
559	102
559	423
559	63
559	133
560	471
560	196
560	366
560	532
560	219
561	204
562	37
562	192
562	309
563	122
563	423
563	437
563	411
563	36
563	38
563	147
563	380
563	556
564	348
564	287
564	424
564	421
564	179
564	350
564	410
565	215
565	192
566	204
566	429
566	280
567	388
567	104
567	426
567	463
567	13
568	604
568	393
569	385
569	288
569	393
570	423
570	102
570	492
570	418
570	572
570	325
571	407
571	424
571	32
571	357
571	10
571	195
572	561
572	309
572	410
572	104
573	269
573	385
573	309
573	234
574	14
574	431
574	492
574	380
574	486
574	423
575	496
575	5
575	355
575	539
575	509
576	76
576	22
577	324
578	512
578	280
578	556
578	20
578	295
579	13
579	97
579	431
579	75
579	17
580	354
580	81
580	20
580	75
580	282
580	243
580	552
581	224
581	426
581	12
581	377
581	612
582	81
582	383
583	557
584	308
584	242
584	519
584	5
585	196
585	327
585	192
585	554
585	126
585	204
585	139
585	418
585	519
586	597
586	550
586	117
586	84
586	5
587	5
587	128
588	357
588	585
588	10
589	43
589	78
589	549
589	243
589	24
589	450
589	148
590	603
590	494
590	486
590	450
590	441
591	83
591	20
591	325
591	423
591	419
591	29
591	504
591	281
592	558
592	260
592	12
592	423
592	65
592	357
593	281
593	24
593	544
593	14
594	422
594	122
594	108
594	126
595	423
595	83
595	426
595	544
596	170
596	532
596	310
596	259
596	333
596	407
597	414
597	254
597	301
597	231
598	5
598	125
598	13
598	510
598	182
598	267
598	103
598	272
599	196
599	532
599	219
599	366
600	471
600	407
601	421
602	393
602	213
603	232
603	503
604	424
604	308
604	5
604	122
604	519
604	432
605	605
605	181
605	324
606	568
606	13
606	9
607	289
607	464
607	407
608	248
608	270
609	532
609	26
609	496
609	441
609	509
609	439
610	121
610	366
610	386
611	243
611	476
611	571
612	597
612	271
612	556
612	559
613	578
613	467
613	308
613	290
613	26
614	65
614	88
614	354
614	393
614	368
614	142
614	63
615	287
615	565
615	239
615	368
615	541
616	157
616	108
616	81
617	335
617	260
617	13
617	370
617	49
618	423
619	606
619	379
620	424
620	76
620	309
621	247
621	432
621	151
621	390
621	332
621	5
622	354
622	37
622	409
622	248
622	410
622	432
623	293
623	334
623	122
623	556
623	611
623	94
624	463
624	450
624	13
625	33
626	548
626	559
626	248
627	423
627	232
627	76
628	5
628	14
628	70
629	519
629	561
629	125
630	123
630	65
631	219
631	383
631	76
631	532
631	529
631	471
632	410
632	541
633	126
633	5
633	84
633	597
634	247
634	451
634	38
634	281
634	611
635	157
635	108
636	377
636	486
637	354
637	519
637	65
637	260
637	422
637	36
637	411
638	45
638	483
638	118
638	65
639	76
639	154
639	107
639	471
639	586
639	612
640	306
640	368
640	612
640	556
640	519
640	152
641	302
641	601
641	417
641	225
641	13
641	270
641	549
642	51
642	302
642	65
642	260
642	12
642	248
643	418
643	196
643	423
643	212
643	410
643	316
643	139
644	309
644	418
645	65
645	283
645	338
645	487
646	38
646	83
646	503
646	5
646	487
647	216
647	65
647	549
648	354
649	248
649	564
650	328
650	460
650	565
650	421
650	107
650	10
650	90
650	559
651	382
651	311
651	590
651	90
651	503
651	467
651	125
651	14
651	605
651	354
652	317
652	612
652	532
653	253
653	572
653	423
654	309
654	248
654	368
654	522
655	108
655	383
655	122
655	354
655	405
656	213
656	248
657	581
657	136
657	44
658	380
658	549
659	259
659	270
659	170
659	217
659	108
659	559
659	422
660	125
660	81
660	545
661	557
662	519
662	561
662	17
663	162
663	126
663	147
664	311
664	424
665	288
665	368
665	605
665	354
666	422
666	36
666	354
666	12
666	34
666	258
666	248
667	24
668	557
668	89
668	13
668	142
669	147
670	122
670	354
670	363
670	414
671	247
671	97
671	562
671	557
671	611
672	393
672	192
672	410
673	179
673	270
674	550
674	7
674	38
675	123
675	97
675	133
676	257
676	368
676	83
676	426
676	419
676	281
677	279
677	13
677	268
678	471
679	204
679	429
680	380
680	335
681	37
682	351
682	430
682	311
683	611
684	302
684	248
684	65
684	125
684	12
684	260
685	366
685	248
686	76
686	556
686	279
686	10
687	270
688	405
688	383
688	345
688	108
689	385
689	545
690	612
690	441
690	539
690	510
690	5
690	432
690	107
691	279
691	31
691	10
692	279
692	370
693	541
693	599
693	410
693	309
694	237
694	556
694	354
694	421
695	288
696	147
696	13
696	5
696	562
696	355
696	126
696	441
697	519
697	279
697	605
697	351
698	311
698	498
698	181
699	477
699	592
699	84
700	52
700	318
700	5
701	67
701	306
701	125
701	441
701	74
702	5
702	88
702	384
702	431
702	270
703	213
704	561
705	597
705	38
705	544
706	518
706	517
706	550
706	372
707	302
707	13
707	388
707	147
707	450
707	123
707	426
708	308
708	17
708	13
708	355
708	88
708	179
708	245
709	10
709	421
710	457
710	434
710	245
711	487
711	90
712	556
712	311
712	426
712	287
712	78
713	307
713	519
714	341
714	420
714	76
715	519
715	196
715	204
715	126
715	139
715	192
715	327
715	418
716	315
716	248
716	309
717	340
717	545
717	76
718	283
718	368
718	450
718	549
719	108
719	554
720	317
720	237
720	126
720	162
721	509
722	199
722	213
723	268
723	407
723	65
723	125
724	13
724	25
724	463
725	425
725	13
725	76
725	5
726	407
726	330
726	262
727	605
727	263
727	279
727	10
727	76
727	368
728	366
729	384
729	22
729	486
730	126
731	283
731	126
731	334
732	288
732	108
732	422
733	5
734	268
734	556
735	611
735	451
735	38
735	354
736	423
736	125
736	260
737	108
737	549
737	354
738	242
738	467
738	308
738	5
739	279
739	606
739	441
740	411
740	260
740	65
740	12
740	76
741	431
741	90
741	61
742	451
742	243
743	437
743	556
743	273
743	380
744	125
744	310
745	325
745	248
745	424
745	281
746	170
746	108
746	422
746	608
747	604
748	125
748	545
749	72
749	380
749	41
750	14
750	354
750	432
751	81
752	431
752	61
753	357
753	287
753	424
754	395
754	240
754	423
754	351
755	108
755	22
756	498
756	380
756	578
757	389
757	519
758	10
758	36
758	13
758	38
758	498
759	69
759	354
760	13
760	450
761	556
761	370
762	78
762	97
762	355
763	213
764	125
764	147
765	251
765	210
765	322
766	279
766	321
766	539
767	597
767	509
767	99
767	243
768	410
769	572
769	368
769	519
769	448
770	38
770	188
771	199
771	17
771	503
772	279
772	147
772	423
773	605
773	108
773	122
773	148
774	519
774	308
774	5
775	519
775	263
775	279
775	76
775	10
775	456
776	5
776	291
776	28
776	414
776	125
777	377
777	423
777	545
778	568
778	63
778	437
778	544
779	309
780	379
781	13
781	78
781	370
781	343
782	162
782	170
783	243
783	517
784	65
785	611
785	38
785	423
786	332
786	410
787	561
787	519
787	287
788	539
789	410
789	309
790	357
790	487
790	548
790	392
790	248
791	568
791	196
791	561
791	423
791	377
792	5
792	354
793	517
793	609
794	424
795	31
795	411
796	385
796	545
797	7
797	612
797	566
798	308
798	605
798	5
799	423
799	38
799	611
800	418
800	192
800	196
800	139
800	126
800	519
801	410
801	309
802	309
802	377
803	81
804	429
804	347
804	13
805	410
805	366
805	61
805	235
805	5
806	260
807	418
807	192
807	471
807	196
807	519
807	139
808	383
809	26
809	355
810	393
810	288
811	368
811	49
811	535
811	51
812	309
813	411
813	76
813	137
813	254
814	459
814	487
814	572
814	13
815	5
816	163
816	406
817	121
817	246
817	424
817	123
817	97
817	548
818	123
818	108
818	288
819	122
819	357
819	140
820	421
820	311
821	164
821	126
822	423
822	38
822	247
823	611
823	423
823	38
824	405
825	557
825	5
826	26
826	410
826	541
827	283
827	5
828	22
829	532
830	309
831	370
831	451
831	221
831	7
832	422
832	470
832	578
832	5
832	517
833	545
833	125
834	366
835	125
836	13
836	151
836	17
836	5
836	309
837	379
838	123
838	196
839	448
839	486
839	450
839	528
839	107
840	175
841	78
841	221
841	355
842	410
842	309
842	315
843	81
844	410
845	217
845	147
845	608
845	108
845	170
846	437
846	390
846	17
847	450
848	313
848	355
848	503
849	123
850	421
851	368
851	65
851	535
852	423
852	38
852	410
852	451
853	248
853	450
854	379
855	541
855	410
856	311
856	421
856	487
856	548
856	357
856	248
857	357
857	288
857	108
857	101
858	450
859	13
859	74
859	513
860	213
861	225
861	38
861	423
862	464
862	231
863	545
863	125
864	509
864	293
865	351
865	12
865	557
865	423
865	108
865	291
866	22
866	63
867	280
868	311
869	343
869	392
870	602
871	410
871	207
872	529
872	423
872	288
873	393
873	248
873	390
873	410
874	38
874	612
875	108
875	51
876	583
876	243
876	494
876	291
877	377
877	423
877	240
877	418
878	248
879	49
879	90
879	486
879	423
879	544
879	14
880	184
880	418
881	566
881	89
882	545
882	157
882	125
883	315
884	248
885	309
886	549
886	450
886	78
887	123
887	38
888	107
889	76
890	467
890	509
890	438
890	581
891	407
891	213
892	407
892	277
892	107
893	423
894	279
895	357
896	450
896	379
897	309
897	450
897	90
898	223
898	18
898	597
898	483
899	63
899	22
900	444
901	291
901	492
901	148
901	288
901	431
901	515
902	309
902	368
903	423
904	26
904	137
904	410
905	126
905	334
906	423
906	63
906	97
906	84
907	368
907	142
908	464
908	607
908	163
908	503
908	52
909	97
909	448
909	459
910	549
911	467
911	296
911	5
912	247
913	544
913	260
914	12
914	76
914	13
915	28
915	471
915	468
916	38
916	125
916	597
917	410
917	354
918	10
918	29
918	36
919	437
920	410
921	368
921	309
921	410
922	436
922	26
923	486
923	368
923	549
923	78
923	450
924	38
924	423
925	380
925	586
925	450
926	559
926	126
927	487
927	179
927	108
928	407
928	382
928	583
929	366
929	296
929	5
929	196
930	410
931	423
931	544
932	78
932	549
932	450
933	310
933	532
933	196
933	217
934	357
934	179
934	101
934	108
935	487
935	357
936	196
937	580
937	220
937	311
937	90
938	527
938	609
939	121
940	91
940	411
940	83
941	357
941	548
941	29
941	465
942	309
942	503
943	29
944	450
945	391
946	571
947	527
947	467
948	487
949	81
950	309
950	137
951	188
951	38
952	37
953	26
953	418
954	259
954	333
954	532
954	422
954	170
955	561
955	279
956	142
956	356
956	432
956	368
956	380
956	578
957	219
957	5
958	248
958	410
959	548
960	206
961	432
962	64
962	496
962	143
963	423
963	147
963	118
964	38
964	611
964	423
965	368
965	65
966	293
966	571
967	296
968	456
969	376
969	282
970	107
971	407
971	13
972	432
973	13
973	370
973	268
973	369
974	279
974	351
974	411
975	363
976	432
976	554
977	390
977	10
978	410
979	5
979	163
980	368
981	431
982	97
982	282
982	126
983	270
983	451
984	13
985	503
985	125
985	424
986	309
986	26
987	38
988	377
988	196
989	418
990	5
991	288
991	357
991	108
992	362
992	586
993	142
993	380
993	370
993	498
994	609
995	308
996	125
996	118
997	81
998	309
999	81
999	405
1000	539
1001	435
1002	551
1003	446
1004	147
1004	125
1004	243
1004	603
1004	260
1005	74
1006	431
1006	384
1006	423
1007	107
1007	470
1008	384
1008	31
1009	311
1010	366
1011	423
1011	225
1012	254
1012	612
1012	411
1013	254
1014	467
1015	247
1016	555
1016	151
1017	368
1017	393
1018	597
1019	174
1019	455
1020	393
1021	549
1022	5
1023	217
1023	423
1024	334
1024	123
1025	32
1025	225
1026	524
1026	107
1027	262
1027	279
1028	437
1029	566
1029	505
1029	607
1030	557
1030	583
1031	279
1032	38
1033	377
1033	545
1033	423
1034	605
1035	5
1036	410
1037	333
1037	51
1037	510
1037	310
1038	379
1039	306
1039	147
1039	175
1040	67
1040	287
1040	306
1041	279
1042	424
1042	162
1043	567
1044	355
1044	279
1045	13
1046	309
1046	196
1046	368
1047	262
1048	351
1048	279
1049	147
1049	422
1050	306
1050	5
1051	95
1052	282
1053	407
1054	313
1054	605
1055	561
1056	13
1056	291
1057	357
1058	12
1058	13
1059	283
1059	13
1060	457
1060	101
1060	292
1061	393
1062	291
1062	423
1063	600
1064	503
1065	76
1066	13
1066	594
1067	125
1067	306
1067	76
1067	423
1068	90
1069	315
1069	522
1070	608
1070	217
1071	423
1071	170
1071	486
1071	380
1072	277
1072	532
1073	32
1074	418
1075	26
1075	309
1076	410
1077	554
1077	414
1077	432
1078	5
1079	123
1079	550
1080	176
1080	503
1081	388
1081	13
1081	104
1082	291
1082	13
1083	549
1083	78
1084	60
1085	90
1085	544
1085	257
1086	407
1086	181
1086	207
1087	450
1088	125
1088	14
1089	382
1090	422
1090	493
1091	309
1092	605
1093	612
1093	217
1093	108
1094	270
1094	351
1095	13
1095	372
1096	306
1096	423
1096	65
1096	51
1097	142
1097	356
1098	368
1098	325
1098	607
1098	281
1099	38
1099	611
1100	545
1101	609
1102	81
1102	405
1103	446
1104	379
1105	26
